trn/positive_data/G0010759.bmp 1 2008 1460 66 24
trn/positive_data/G0010760.bmp 1 2224 1502 70 28
trn/positive_data/G0010761.bmp 1 2630 1564 88 32
trn/positive_data/G0010762.bmp 1 3270 1668 112 46
trn/positive_data/G0010763.bmp 2 486 1470 118 32 834 1520 70 26
trn/positive_data/G0010764.bmp 2 764 1454 124 30 1122 1522 76 26
trn/positive_data/G0010765.bmp 2 1032 1440 136 40 1410 1540 92 30
trn/positive_data/G0010766.bmp 2 1274 1442 140 40 1698 1570 100 44
trn/positive_data/G0010767.bmp 2 1452 1450 154 42 1930 1628 122 42
trn/positive_data/G0010768.bmp 1 1562 1476 180 60
trn/positive_data/G0010769.bmp 1 1618 1518 200 56
trn/positive_data/G0010770.bmp 1 1644 1586 230 78
trn/positive_data/G0010813.bmp 1 1882 1374 96 22
trn/positive_data/G0010814.bmp 1 1826 1454 180 42
trn/positive_data/G0010815.bmp 1 1692 1668 372 96
trn/positive_data/G0011195.bmp 1 1578 1432 66 18
trn/positive_data/G0011196.bmp 1 1408 1554 156 28
trn/positive_data/G0011242.bmp 3 1054 1486 70 24 1340 1442 84 20 1322 1420 48 20
trn/positive_data/G0011243.bmp 3 22 1740 150 48 670 1624 188 52 798 1546 104 26
trn/positive_data/G0011244.bmp 1 2034 1572 76 32
trn/positive_data/G0011427.bmp 2 1122 1532 80 22 1392 1548 54 18
trn/positive_data/G0011472.bmp 3 1838 1430 88 24 2012 1404 80 18 1994 1376 64 14
trn/positive_data/G0011473.bmp 3 1826 1500 136 32 2070 1450 108 30 2044 1406 78 16
trn/positive_data/G0011474.bmp 3 1798 1614 224 70 2158 1502 154 32 2094 1414 102 20
trn/positive_data/G0011475.bmp 3 2298 1658 276 88 2118 1468 122 24 1814 1406 68 18
trn/positive_data/G0011476.bmp 2 2176 1580 242 44 1726 1458 106 26
trn/positive_data/G0011477.bmp 1 1560 1540 176 48
trn/positive_data/G0011488.bmp 1 2164 1474 108 34
trn/positive_data/G0011489.bmp 1 2150 1406 100 30
trn/positive_data/G0011490.bmp 2 2352 1604 190 60 2182 1422 110 30
trn/positive_data/G0011491.bmp 2 2486 1708 264 86 2218 1446 116 32
trn/positive_data/G0011492.bmp 1 2242 1472 140 32
trn/positive_data/G0011493.bmp 1 2276 1484 158 42
trn/positive_data/G0011494.bmp 1 2328 1508 190 56
trn/positive_data/G0011495.bmp 1 2428 1574 240 74
trn/positive_data/G0011496.bmp 1 2660 1668 326 118
trn/positive_data/G0011503.bmp 2 2304 1596 80 30 1706 1452 64 22
trn/positive_data/G0011504.bmp 3 1574 1526 126 40 2042 1402 52 20 2138 1472 62 20
trn/positive_data/G0011505.bmp 3 1168 1758 318 90 2248 1588 118 36 2060 1434 82 22
trn/positive_data/G0011506.bmp 1 2070 1514 126 38
trn/positive_data/G0011507.bmp 1 2210 1726 264 90
trn/positive_data/G0011523.bmp 3 2250 1472 68 24 2192 1432 56 18 1974 1344 70 22
trn/positive_data/G0011524.bmp 3 2474 1592 120 40 2336 1508 88 24 1992 1370 90 18
trn/positive_data/G0011525.bmp 2 2584 1662 156 54 2010 1398 108 22
trn/positive_data/G0011526.bmp 1 2014 1440 132 36
trn/positive_data/G0011527.bmp 1 2054 1500 186 50
trn/positive_data/G0011528.bmp 4 2160 1596 274 76 2256 1486 96 30 2340 1554 106 32 2718 1552 142 50
trn/positive_data/G0011529.bmp 3 2668 1736 170 62 3192 1718 254 82 2440 1578 146 44
trn/positive_data/G0011555.bmp 2 2210 1512 96 26 2534 1518 306 108
trn/positive_data/G0011556.bmp 2 2572 1596 236 52 2630 1778 232 64
trn/positive_data/G0011558.bmp 1 1788 1456 100 18
trn/positive_data/G0011559.bmp 1 1786 1544 164 36
trn/positive_data/G0011560.bmp 1 2184 1412 84 20
trn/positive_data/G0011561.bmp 1 2174 1452 138 28
trn/positive_data/G0011562.bmp 1 2188 1542 220 50
trn/positive_data/G0011563.bmp 2 2428 1774 346 86 2834 1646 146 58
trn/positive_data/G0011564.bmp 1 1938 1400 64 16
trn/positive_data/G0011566.bmp 1 2066 1486 104 24
trn/positive_data/G0011567.bmp 1 2246 1610 176 40
trn/positive_data/G0011569.bmp 1 2410 1450 104 34
trn/positive_data/G0011570.bmp 1 2716 1552 178 56
trn/positive_data/G0011572.bmp 3 1874 1506 84 20 2902 1612 136 36 2108 1518 54 22
trn/positive_data/G0011573.bmp 2 2312 1754 110 48 1860 1706 160 58
trn/positive_data/G0011581.bmp 3 2080 1554 200 44 2592 1596 232 66 1270 1632 164 82
trn/positive_data/G0011584.bmp 3 1422 1522 180 40 1596 1432 86 16 1692 1374 54 14
trn/positive_data/G0011585.bmp 5 1048 1724 330 104 1472 1514 142 24 1644 1416 66 18 1922 1494 66 22 2008 1452 126 26
trn/positive_data/G0011586.bmp 3 1216 1628 256 54 1966 1604 122 36 2078 1502 186 38
trn/positive_data/G0011587.bmp 2 1488 1496 102 32 2204 1648 292 72
trn/positive_data/G0011588.bmp 2 1264 1642 166 52 1778 1476 82 26
trn/positive_data/G0011589.bmp 5 1758 1560 140 40 1602 1542 96 24 1640 1462 90 20 1974 1418 64 14 2002 1388 72 14
trn/positive_data/G0011590.bmp 6 1424 1738 150 44 1538 1518 128 38 2020 1446 70 18 2194 1442 44 14 2204 1482 110 28 2038 1400 88 18
trn/positive_data/G0011591.bmp 6 1236 1694 250 90 2068 1514 96 28 2392 1598 166 50 2532 1564 182 46 2322 1510 68 26 2096 1420 84 32
trn/positive_data/G0011592.bmp 4 2174 1700 202 66 2576 1678 134 52 2150 1490 118 38 1634 1514 198 36
trn/positive_data/G0011593.bmp 3 1376 1670 368 100 2280 1612 168 64 2644 1546 150 68
trn/positive_data/G0011594.bmp 2 3128 1718 262 124 1514 1528 126 24
trn/positive_data/G0011595.bmp 1 1080 1748 270 76
trn/positive_data/G0011601.bmp 2 1876 1428 62 14 2050 1476 44 22
trn/positive_data/G0011602.bmp 2 2160 1576 70 28 1888 1470 86 22
trn/positive_data/G0016074.bmp 1 2228 1530 84 38
trn/positive_data/G0016075.bmp 2 2378 1682 108 58 1924 1328 56 28
trn/positive_data/G0016076.bmp 1 1908 1358 60 16
trn/positive_data/G0016077.bmp 1 1884 1394 80 24
trn/positive_data/G0016078.bmp 1 1862 1438 104 36
trn/positive_data/G0016079.bmp 1 1840 1486 134 38
trn/positive_data/G0016080.bmp 1 1826 1574 182 56
trn/positive_data/G0016101.bmp 1 1620 1378 70 26
trn/positive_data/G0016102.bmp 1 1552 1430 118 40
trn/positive_data/G0016103.bmp 1 1458 1538 158 48
trn/positive_data/G0016104.bmp 1 2578 1488 86 64
trn/positive_data/G0016105.bmp 3 3018 1732 120 46 2914 1640 108 66 2806 1654 104 58
trn/positive_data/G0016106.bmp 1 1846 1468 96 24
trn/positive_data/G0016107.bmp 1 1792 1574 150 52
trn/positive_data/G0016154.bmp 1 2018 1338 38 10
trn/positive_data/G0016155.bmp 1 2092 1370 48 14
trn/positive_data/G0016156.bmp 1 2224 1402 66 16
trn/positive_data/G0016157.bmp 1 2474 1506 108 40
trn/positive_data/G0016232.bmp 2 2288 1336 46 12 2328 1346 40 12
trn/positive_data/G0016233.bmp 2 2490 1402 60 18 2558 1426 64 20
trn/positive_data/G0016234.bmp 2 3062 1584 152 58 3328 1678 184 68
trn/positive_data/G0016237.bmp 1 1756 1374 50 22
trn/positive_data/G0016238.bmp 1 1654 1474 60 22
trn/positive_data/G0016241.bmp 1 1974 1292 24 8
trn/positive_data/G0016242.bmp 1 2006 1306 30 14
trn/positive_data/G0016243.bmp 1 2036 1334 40 20
trn/positive_data/G0016244.bmp 1 2084 1366 56 28
trn/positive_data/G0016245.bmp 1 2214 1456 82 46
trn/positive_data/G0016283.bmp 1 1610 1450 46 18
trn/positive_data/G0016284.bmp 1 1314 1642 114 44
trn/positive_data/G0016288.bmp 1 2456 1622 58 48
trn/positive_data/G0016315.bmp 1 2308 1346 30 14
trn/positive_data/G0016316.bmp 1 2486 1420 48 18
trn/positive_data/G0016317.bmp 1 2924 1586 102 32
trn/positive_data/G0016325.bmp 1 1948 1302 34 10
trn/positive_data/G0016326.bmp 1 1952 1306 56 12
trn/positive_data/G0016327.bmp 1 1982 1324 52 10
trn/positive_data/G0016328.bmp 1 2042 1350 38 12
trn/positive_data/G0016329.bmp 1 2096 1408 72 18
trn/positive_data/G0016330.bmp 1 2258 1572 140 42
trn/positive_data/G0016372.bmp 1 2596 1352 48 16
trn/positive_data/G0016373.bmp 2 2730 1382 116 30 3020 1424 218 34
trn/positive_data/G0016432.bmp 1 2328 1362 42 14
trn/positive_data/G0016433.bmp 1 2556 1402 88 34
trn/positive_data/G0016434.bmp 1 3168 1584 204 80
trn/positive_data/G0016442.bmp 1 2802 1520 56 18
trn/positive_data/G0016499.bmp 1 1790 1312 28 16
trn/positive_data/G0016500.bmp 1 1748 1362 34 16
trn/positive_data/G0016501.bmp 1 1608 1440 88 44
trn/positive_data/G0016502.bmp 1 2510 1540 68 18
trn/positive_data/G0016503.bmp 1 2426 1458 72 28
trn/positive_data/G0016513.bmp 1 1914 1280 42 14
trn/positive_data/G0016514.bmp 1 1904 1296 48 14
trn/positive_data/G0016515.bmp 1 1894 1324 50 16
trn/positive_data/G0016516.bmp 1 1882 1380 70 22
trn/positive_data/G0016517.bmp 1 1840 1492 130 54
trn/positive_data/G0016556.bmp 1 1372 1332 38 12
trn/positive_data/G0016557.bmp 1 1258 1360 46 14
trn/positive_data/G0016558.bmp 1 1048 1402 68 20
trn/positive_data/G0016559.bmp 1 614 1506 128 28
trn/positive_data/G0016561.bmp 2 920 1496 40 18 840 1508 42 10
trn/positive_data/G0016562.bmp 1 1284 1364 18 18
trn/positive_data/G0016563.bmp 1 990 1454 40 14
trn/positive_data/G0016604.bmp 1 2082 1284 16 6
trn/positive_data/G0016605.bmp 1 2116 1298 20 10
trn/positive_data/G0016606.bmp 1 2188 1328 20 8
trn/positive_data/G0016607.bmp 1 2306 1370 22 12
trn/positive_data/G0016608.bmp 1 2588 1502 46 16
trn/positive_data/G0016671.bmp 2 2000 1318 32 14 1982 1288 22 14
trn/positive_data/G0016672.bmp 2 2054 1356 36 36 2012 1316 24 10
trn/positive_data/G0016673.bmp 4 2034 1356 36 18 2150 1468 32 20 2158 1498 44 16 2178 1520 54 28
trn/positive_data/G0016674.bmp 1 2096 1426 62 26
trn/positive_data/G0016688.bmp 1 2032 1242 48 10
trn/positive_data/G0016689.bmp 1 2062 1222 62 14
trn/positive_data/G0016690.bmp 1 2108 1260 66 14
trn/positive_data/G0016691.bmp 1 2168 1270 84 20
trn/positive_data/G0016692.bmp 1 2250 1334 122 24
trn/positive_data/G0027030.bmp 1 1348 1238 60 12
trn/positive_data/G0027031.bmp 2 1248 1328 70 10 1240 1240 70 14
trn/positive_data/G0027032.bmp 2 914 1414 100 34 1076 1266 90 16
trn/positive_data/G0027033.bmp 2 64 1644 288 84 816 1302 124 18
trn/positive_data/G0027034.bmp 1 334 1376 186 34
trn/positive_data/G0027220.bmp 2 2288 1334 58 16 2476 1288 68 12
trn/positive_data/G0027221.bmp 3 2300 1386 96 30 2360 1354 120 30 2498 1304 88 24
trn/positive_data/G0027222.bmp 3 2364 1482 124 48 2418 1432 152 36 2536 1346 108 22
trn/positive_data/G0027223.bmp 5 3532 1390 84 28 2592 1542 168 48 2496 1628 184 56 1918 1382 142 36 2588 1380 138 28
trn/positive_data/G0027224.bmp 4 1826 1438 182 48 2666 1408 180 42 2808 1278 106 28 3040 1284 158 26
trn/positive_data/G0027225.bmp 4 1652 1566 298 80 2806 1466 226 52 2832 1280 120 20 3078 1270 178 26
trn/positive_data/G0027226.bmp 4 3064 1612 320 90 2822 1496 160 30 2886 1308 132 30 3108 1290 232 34
trn/positive_data/G0027227.bmp 3 2928 1336 164 38 3062 1642 214 52 3174 1320 244 46
trn/positive_data/G0027228.bmp 2 2844 1350 194 44 3090 1318 280 52
trn/positive_data/G0027229.bmp 2 2600 1304 242 50 2848 1246 318 50
trn/positive_data/G0027230.bmp 2 2344 1438 304 78 2610 1348 370 66
trn/positive_data/G0027231.bmp 2 2038 1516 410 112 2360 1400 438 78
trn/positive_data/G0027232.bmp 2 1768 1608 554 102 2178 1400 534 104
trn/positive_data/G0027233.bmp 1 2084 1500 688 160
trn/positive_data/G0027309.bmp 1 1818 1244 36 12
trn/positive_data/G0027310.bmp 1 1802 1266 34 12
trn/positive_data/G0027311.bmp 1 1784 1274 40 12
trn/positive_data/G0027312.bmp 1 1776 1300 42 12
trn/positive_data/G0027313.bmp 1 1758 1310 46 18
trn/positive_data/G0027314.bmp 1 1724 1300 60 20
trn/positive_data/G0027315.bmp 1 1676 1330 84 24
trn/positive_data/G0027316.bmp 1 1594 1378 110 28
trn/positive_data/G0027317.bmp 1 1424 1490 172 44
trn/positive_data/G0027704.bmp 4 2036 1320 46 12 2470 1340 64 22 2466 1316 72 18 1902 1252 34 28
trn/positive_data/G0027705.bmp 5 2090 1386 62 18 2740 1426 100 26 2688 1372 102 26 1876 1276 42 14 1878 1262 46 12
trn/positive_data/G0027706.bmp 6 2236 1592 136 62 3136 1520 162 48 1868 1292 48 18 1862 1314 68 14 1880 1336 46 16 1338 1448 184 60
trn/positive_data/G0027707.bmp 5 1290 1474 212 76 1866 1440 64 38 1852 1388 78 42 1864 1356 60 16 1978 1254 94 16
trn/positive_data/G0027708.bmp 3 1832 1564 134 100 1852 1466 108 46 1992 1276 138 20
trn/positive_data/G0027709.bmp 1 2064 1310 154 24
trn/positive_data/G0027710.bmp 2 2146 1360 200 48 2200 1302 84 32
trn/positive_data/G0027711.bmp 3 1510 1598 186 78 2302 1492 326 104 2322 1374 104 36
trn/positive_data/G0027712.bmp 4 2516 1530 232 112 1910 1300 48 16 1974 1280 34 16 2198 1268 42 12
trn/positive_data/G0027713.bmp 3 1832 1330 60 14 1900 1296 50 20 2182 1268 58 24
trn/positive_data/G0027714.bmp 6 1694 1412 80 32 1804 1354 72 28 2146 1312 68 18 2172 1304 52 12 2318 1298 76 22 1592 1302 212 28
trn/positive_data/G0027715.bmp 6 1472 1566 120 80 1630 1434 138 42 1436 1344 250 38 2134 1356 80 18 2166 1338 64 20 2126 1298 60 12
trn/positive_data/G0027716.bmp 6 1322 1626 264 86 1166 1416 362 82 2160 1434 110 32 2180 1406 94 24 2114 1334 72 18 2428 1392 102 32
trn/positive_data/G0027717.bmp 7 840 1576 466 92 1400 1420 172 66 1586 1294 70 20 2308 1608 214 60 2330 1534 138 44 2650 1482 188 70 2162 1390 108 18
trn/positive_data/G0027718.bmp 3 1154 1604 286 102 2408 1488 176 40 1594 1326 68 14
trn/positive_data/G0027719.bmp 1 1610 1402 118 30
trn/positive_data/G0027720.bmp 1 1644 1532 222 50
trn/positive_data/G0027721.bmp 1 1808 1554 66 40
trn/positive_data/G0027722.bmp 2 2522 1322 70 22 2386 1318 62 18
trn/positive_data/G0027723.bmp 1 2754 1412 98 24
trn/positive_data/G0027794.bmp 3 2212 1248 36 14 2122 1232 22 12 2074 1224 24 10
trn/positive_data/G0027795.bmp 4 2286 1276 40 8 2166 1252 30 12 2104 1242 32 10 2066 1244 28 8
trn/positive_data/G0027796.bmp 5 2374 1296 64 16 2226 1266 34 12 2152 1252 36 8 2104 1252 36 12 2012 1316 52 20
trn/positive_data/G0027797.bmp 5 2070 1390 60 32 2532 1344 84 22 2308 1296 38 10 2214 1272 26 12 2154 1276 32 12
trn/positive_data/G0027798.bmp 6 2180 1518 168 84 2756 1408 128 36 2418 1322 56 26 2210 1304 44 12 2282 1298 36 10 1830 1452 60 16
trn/positive_data/G0027799.bmp 6 1768 1656 118 40 1884 1462 104 28 1848 1364 172 18 3136 1532 182 54 2580 1386 76 24 2288 1342 62 14
trn/positive_data/G0027800.bmp 3 1822 1440 222 30 2406 1404 64 20 2820 1486 80 22
trn/positive_data/G0027801.bmp 3 3252 1632 196 78 1794 1550 344 58 2606 1482 130 36
trn/positive_data/G0027802.bmp 2 2904 1626 186 60 1238 1600 244 104
trn/positive_data/G0027821.bmp 1 2100 1288 32 12
trn/positive_data/G0027822.bmp 2 1454 1498 64 28 2160 1318 32 12
trn/positive_data/G0027823.bmp 1 2276 1382 50 16
trn/positive_data/G0027824.bmp 1 2574 1552 88 42
trn/positive_data/G0027848.bmp 3 2462 1490 64 22 2210 1338 26 14 2246 1354 46 16
trn/positive_data/G0027849.bmp 2 2406 1448 114 20 2336 1394 44 16
trn/positive_data/G0027850.bmp 1 2290 1258 40 12
trn/positive_data/G0027851.bmp 2 2384 1284 52 8 2428 1212 54 8
trn/positive_data/G0027852.bmp 3 1208 1620 102 54 2548 1328 62 12 2502 1216 58 10
trn/positive_data/G0027853.bmp 1 2830 1412 88 22
trn/positive_data/G0027854.bmp 2 3426 1580 158 46 2676 1224 80 12
trn/positive_data/G0027855.bmp 1 2790 1230 86 12
trn/positive_data/G0027856.bmp 2 2920 1236 96 14 1788 1394 58 20
trn/positive_data/G0027857.bmp 2 1726 1500 94 38 3080 1258 106 14
trn/positive_data/G0027858.bmp 1 3282 1292 108 18
trn/positive_data/G0027859.bmp 1 3546 1324 118 22
trn/positive_data/G0028193.bmp 1 1890 1196 28 8
trn/positive_data/G0028194.bmp 1 1878 1204 30 8
trn/positive_data/G0028195.bmp 1 1864 1206 40 12
trn/positive_data/G0028196.bmp 1 1862 1218 42 12
trn/positive_data/G0028197.bmp 1 1854 1228 48 12
trn/positive_data/G0028198.bmp 1 1844 1256 62 12
trn/positive_data/G0028199.bmp 1 1822 1290 118 16
trn/positive_data/G0028200.bmp 1 1876 1360 116 32
trn/positive_data/G0028201.bmp 1 1852 1542 244 88
trn/positive_data/G0028256.bmp 1 1882 1214 32 10
trn/positive_data/G0028257.bmp 1 1880 1224 38 12
trn/positive_data/G0028258.bmp 1 1880 1262 48 10
trn/positive_data/G0028259.bmp 3 776 1596 162 70 1188 1436 80 54 1866 1266 58 16
trn/positive_data/G0028260.bmp 1 1846 1312 78 20
trn/positive_data/G0028261.bmp 1 1812 1388 134 22
trn/positive_data/G0028265.bmp 1 1854 1264 82 18
trn/positive_data/G0028266.bmp 2 1854 1308 52 18 1910 1288 32 20
trn/positive_data/G0028267.bmp 3 1828 1368 64 16 1900 1338 42 16 2120 1224 38 14
trn/positive_data/G0028268.bmp 4 2696 1632 146 72 1780 1514 102 30 1904 1440 74 34 2162 1234 42 10
trn/positive_data/G0028269.bmp 1 2200 1252 50 14
trn/positive_data/G0028270.bmp 1 2230 1262 68 14
trn/positive_data/G0028271.bmp 2 2268 1290 88 20 1760 1220 38 10
trn/positive_data/G0028272.bmp 2 2324 1340 104 32 1696 1234 46 12
trn/positive_data/G0028273.bmp 2 2352 1432 168 42 1580 1256 48 14
trn/positive_data/G0028274.bmp 2 2476 1528 248 86 1450 1256 58 14
trn/positive_data/G0028275.bmp 1 1428 1272 62 12
trn/positive_data/G0028276.bmp 1 1418 1270 78 18
trn/positive_data/G0028277.bmp 1 1408 1288 82 18
trn/positive_data/G0028278.bmp 2 2358 1622 128 44 1380 1306 96 22
trn/positive_data/G0028279.bmp 1 1344 1320 106 32
trn/positive_data/G0028280.bmp 1 1318 1334 118 34
trn/positive_data/G0028281.bmp 1 1282 1342 138 36
trn/positive_data/G0028282.bmp 1 1248 1356 130 46
trn/positive_data/G0028283.bmp 1 1194 1366 142 50
trn/positive_data/G0028284.bmp 2 1120 1402 160 52 1524 1338 72 12
trn/positive_data/G0028285.bmp 3 978 1436 178 58 1458 1358 82 16 1254 1334 60 22
trn/positive_data/G0028286.bmp 3 706 1500 240 84 1350 1382 104 18 1136 1352 58 22
trn/positive_data/G0028287.bmp 3 206 1632 340 116 1176 1442 150 30 930 1396 102 32
trn/positive_data/G0028288.bmp 2 874 1542 214 56 638 1456 146 46
trn/positive_data/G0028289.bmp 2 162 1574 232 72 2480 1330 48 18
trn/positive_data/G0028334.bmp 1 1850 1270 44 10
trn/positive_data/G0028335.bmp 1 1844 1320 56 10
trn/positive_data/G0028336.bmp 2 1792 1434 104 20 2054 1264 44 16
trn/positive_data/G0028337.bmp 1 2074 1308 74 16
trn/positive_data/G0028338.bmp 1 2158 1390 80 34
trn/positive_data/G0028339.bmp 2 2338 1596 166 68 3342 1442 54 20
trn/positive_data/G0028409.bmp 1 1782 1208 24 8
trn/positive_data/G0028410.bmp 1 1766 1210 20 6
trn/positive_data/G0028411.bmp 1 1752 1218 26 8
trn/positive_data/G0028412.bmp 1 1726 1222 44 12
trn/positive_data/G0028413.bmp 1 1698 1224 44 12
trn/positive_data/G0028414.bmp 1 1656 1228 68 16
trn/positive_data/G0028415.bmp 1 1606 1250 80 18
trn/positive_data/G0028416.bmp 1 1526 1290 102 26
trn/positive_data/G0028417.bmp 1 1406 1342 138 26
trn/positive_data/G0028418.bmp 1 1230 1412 228 58
trn/positive_data/G0028419.bmp 1 1096 1604 222 56
trn/positive_data/G0028543.bmp 2 1744 1328 80 18 1810 1314 38 14
trn/positive_data/G0028544.bmp 2 1666 1350 78 18 1744 1330 50 18
trn/positive_data/G0028545.bmp 2 1546 1374 104 28 1646 1348 66 20
trn/positive_data/G0028546.bmp 2 1382 1430 130 34 1510 1390 92 32
trn/positive_data/G0028547.bmp 2 1092 1520 178 46 1288 1446 118 42
trn/positive_data/G0028548.bmp 2 880 1580 188 56 1220 1480 114 36
trn/positive_data/G0028640.bmp 3 840 1462 144 38 1440 1262 44 12 1444 1270 46 14
trn/positive_data/G0028641.bmp 2 1228 1308 74 10 1226 1324 68 18
trn/positive_data/G0028642.bmp 4 690 1510 136 40 796 1466 114 26 946 1470 84 24 964 1380 106 18
trn/positive_data/G0028643.bmp 1 334 1484 160 46
trn/positive_data/G0028714.bmp 3 2156 1358 84 24 2014 1350 52 16 654 1298 90 12
trn/positive_data/G0028715.bmp 3 2508 1462 198 62 2394 1452 66 24 744 1314 108 22
trn/positive_data/G0028716.bmp 3 3274 1606 252 114 3050 1578 102 44 924 1352 122 28
trn/positive_data/G0028717.bmp 2 1242 1468 116 24 1190 1416 134 26
trn/positive_data/G0028718.bmp 2 1482 1434 166 38 1532 1520 144 32
trn/positive_data/G0028719.bmp 2 1906 1656 186 46 1814 1498 230 60
trn/positive_data/G0028750.bmp 1 1916 1262 30 10
trn/positive_data/G0028751.bmp 1 1922 1290 58 12
trn/positive_data/G0028752.bmp 1 1932 1334 62 16
trn/positive_data/G0028753.bmp 1 1944 1390 70 20
trn/positive_data/G0028754.bmp 1 1952 1460 100 30
trn/positive_data/G0028755.bmp 1 1962 1532 106 42
trn/positive_data/G0028756.bmp 1 1974 1614 122 48
trn/positive_data/G0028761.bmp 1 2526 1338 38 10
trn/positive_data/G0028762.bmp 1 2634 1352 46 14
trn/positive_data/G0028763.bmp 1 2796 1384 66 16
trn/positive_data/G0028764.bmp 1 3068 1446 60 26
trn/positive_data/G0028765.bmp 4 2536 1468 94 24 3484 1576 98 36 2392 1390 70 18 2372 1368 46 16
trn/positive_data/G0028766.bmp 3 2904 1636 92 26 2606 1476 78 26 2542 1432 70 24
trn/positive_data/G0028767.bmp 1 2888 1606 116 36
trn/positive_data/G0028810.bmp 1 2002 1250 38 12
trn/positive_data/G0028811.bmp 2 2012 1290 56 10 2080 1298 78 20
trn/positive_data/G0028812.bmp 4 1808 1334 52 14 2048 1310 104 24 2154 1334 90 28 2602 1362 64 16
trn/positive_data/G0028813.bmp 4 1770 1440 96 34 2114 1402 144 36 2270 1438 162 48 2960 1486 86 20
trn/positive_data/G0028814.bmp 3 1712 1626 162 68 1566 1608 124 66 2292 1532 238 74
trn/positive_data/G0028835.bmp 4 1278 1620 214 70 1078 1610 126 42 3168 1562 88 38 2104 1460 60 22
trn/positive_data/G0028836.bmp 2 2288 1468 114 38 2386 1326 90 22
trn/positive_data/G0028837.bmp 2 1322 1432 88 32 2522 1420 128 42
trn/positive_data/G0028838.bmp 2 1024 1604 140 44 2790 1560 216 60
trn/positive_data/G0028845.bmp 1 1858 1468 72 18
trn/positive_data/G0028846.bmp 1 2328 1358 64 26
trn/positive_data/G0028847.bmp 2 2530 1456 100 46 1950 1296 40 14
trn/positive_data/G0028848.bmp 2 1948 1378 60 16 1944 1342 42 10
trn/positive_data/G0028849.bmp 2 1974 1522 108 40 1966 1440 66 22
trn/positive_data/G0028852.bmp 1 1850 1380 92 22
trn/positive_data/G0028853.bmp 1 1826 1528 170 54
trn/positive_data/G0028862.bmp 1 1966 1404 64 22
trn/positive_data/G0028863.bmp 1 2016 1628 116 60
trn/positive_data/G0028887.bmp 3 1714 1356 52 12 2324 1366 54 14 1836 1310 62 12
trn/positive_data/G0028888.bmp 3 2408 1400 56 16 1656 1380 58 16 1808 1314 60 16
trn/positive_data/G0028889.bmp 3 2548 1444 80 20 1556 1406 80 22 1764 1308 86 20
trn/positive_data/G0028890.bmp 3 2856 1578 118 32 1360 1504 106 28 1706 1332 100 26
trn/positive_data/G0028891.bmp 1 1580 1440 140 32
trn/positive_data/G0028892.bmp 1 1322 1600 234 82
trn/positive_data/G0028893.bmp 1 2538 1412 68 22
trn/positive_data/G0028894.bmp 1 2908 1538 86 30
trn/positive_data/G0028898.bmp 1 1608 1402 34 14
trn/positive_data/G0028899.bmp 1 1314 1598 84 36
trn/positive_data/G0028900.bmp 1 2424 1356 46 14
trn/positive_data/G0028901.bmp 1 2764 1496 66 22
trn/positive_data/G0028907.bmp 2 2056 1408 56 14 2136 1380 54 16
trn/positive_data/G0028908.bmp 1 2334 1628 108 40
trn/positive_data/G0028920.bmp 1 2184 1356 78 18
trn/positive_data/G0028921.bmp 4 2272 1472 146 34 2220 1552 118 24 1984 1372 90 22 1836 1406 68 18
trn/positive_data/G0028922.bmp 3 2388 1588 166 78 2000 1450 128 28 1788 1510 90 30
trn/positive_data/G0028923.bmp 2 2010 1582 208 56 1782 1438 68 24
trn/positive_data/G0028924.bmp 2 1716 1522 84 36 3016 1460 102 24
trn/positive_data/G0028925.bmp 3 1652 1650 120 48 2866 1564 114 36 3210 1542 114 30
trn/positive_data/G0028932.bmp 2 1788 1314 74 16 1940 1346 54 14
trn/positive_data/G0028933.bmp 2 1948 1438 72 18 1762 1388 86 18
trn/positive_data/G0028934.bmp 2 1970 1516 90 30 1710 1430 110 30
trn/positive_data/G0028935.bmp 1 1634 1544 172 56
trn/positive_data/G0028950.bmp 1 1872 1244 48 12
trn/positive_data/G0028951.bmp 1 1876 1266 48 14
trn/positive_data/G0028952.bmp 1 1862 1310 68 18
trn/positive_data/G0028953.bmp 1 1840 1376 88 20
trn/positive_data/G0028954.bmp 1 1782 1532 160 40
trn/positive_data/G0028958.bmp 1 1924 1276 34 14
trn/positive_data/G0028959.bmp 1 1936 1334 50 14
trn/positive_data/G0028960.bmp 1 1938 1410 70 16
trn/positive_data/G0028963.bmp 1 1942 1490 106 24
trn/positive_data/G0028972.bmp 1 1884 1450 44 12
trn/positive_data/G0028992.bmp 2 1956 1360 56 18 1930 1290 46 14
trn/positive_data/G0028993.bmp 3 1970 1502 110 34 1948 1344 74 20 1818 1346 56 14
trn/positive_data/G0028994.bmp 2 1978 1448 104 34 1726 1448 136 30
trn/positive_data/G0028995.bmp 1 1474 1436 180 32
trn/positive_data/G0028996.bmp 1 1172 1628 280 80
trn/positive_data/G0029000.bmp 1 2090 1334 74 18
trn/positive_data/G0029001.bmp 1 2156 1382 96 22
trn/positive_data/G0029002.bmp 1 2242 1464 118 30
trn/positive_data/G0029003.bmp 1 2358 1562 128 56
trn/positive_data/G0029079.bmp 2 2284 1306 70 12 2056 1290 54 10
trn/positive_data/G0029080.bmp 2 2466 1358 106 16 2112 1322 72 12
trn/positive_data/G0029081.bmp 2 2926 1506 220 48 2266 1406 108 22
trn/positive_data/G0029084.bmp 1 2100 1310 32 12
trn/positive_data/G0029085.bmp 2 2222 1400 104 24 2196 1386 52 14
trn/positive_data/G0029086.bmp 1 2446 1600 126 36
trn/positive_data/G0029201.bmp 2 1568 1416 76 20 1954 1366 68 16
trn/positive_data/G0029202.bmp 2 1398 1490 98 40 1958 1410 88 28
trn/positive_data/G0029203.bmp 1 1966 1528 160 42
trn/positive_data/G0029284.bmp 1 2708 1292 48 14
trn/positive_data/G0029285.bmp 1 3178 1352 70 14
trn/positive_data/G0029300.bmp 1 1900 1268 42 10
trn/positive_data/G0029301.bmp 1 1904 1304 66 12
trn/positive_data/G0029302.bmp 1 1914 1354 76 20
trn/positive_data/G0029303.bmp 1 1854 1516 176 58
trn/positive_data/G0029349.bmp 1 1980 1330 62 14
trn/positive_data/G0029350.bmp 1 2018 1400 106 28
trn/positive_data/G0029358.bmp 1 2178 1494 78 20
trn/positive_data/G0029431.bmp 1 2180 1494 210 26
trn/positive_data/G0029446.bmp 1 1002 1372 98 22
trn/positive_data/G0029447.bmp 1 636 1484 142 48
trn/positive_data/G0029448.bmp 1 1548 1344 58 10
trn/positive_data/G0029449.bmp 1 1444 1338 88 14
trn/positive_data/G0029450.bmp 1 1258 1408 110 28
trn/positive_data/G0029451.bmp 1 720 1618 204 64
trn/positive_data/G0029508.bmp 1 1888 1300 42 10
trn/positive_data/G0029509.bmp 1 1880 1336 58 14
trn/positive_data/G0029510.bmp 1 1876 1398 74 12
trn/positive_data/G0029511.bmp 1 1854 1504 124 40
trn/positive_data/G0029513.bmp 1 1734 1606 88 32
trn/positive_data/G0029603.bmp 1 1838 1310 72 20
trn/positive_data/G0029604.bmp 1 1812 1356 98 28
trn/positive_data/G0029605.bmp 1 1764 1462 150 48
trn/positive_data/G0029717.bmp 2 1842 1254 48 8 1892 1228 36 10
trn/positive_data/G0029718.bmp 2 1826 1292 56 8 1892 1250 40 14
trn/positive_data/G0029719.bmp 2 1770 1330 130 12 1902 1256 50 14
trn/positive_data/G0029720.bmp 2 1700 1468 242 36 1952 1316 72 20
trn/positive_data/G0029721.bmp 1 1988 1376 130 46
trn/positive_data/G0029722.bmp 2 2010 1494 192 86 1956 1308 110 14
trn/positive_data/G0029723.bmp 1 1900 1406 140 16
trn/positive_data/G0029724.bmp 1 1788 1502 220 44
trn/positive_data/G0029867.bmp 1 2086 1342 82 20
trn/positive_data/G0029868.bmp 1 2168 1470 156 44
trn/positive_data/G0029929.bmp 1 1896 1392 108 22
trn/positive_data/G0029930.bmp 1 2100 1454 110 46
trn/positive_data/G0029931.bmp 1 2556 1538 136 70
trn/positive_data/G0029965.bmp 3 1924 1360 68 18 1806 1352 82 18 1540 1346 38 14
trn/positive_data/G0029966.bmp 3 1742 1466 136 34 1918 1488 120 32 1378 1440 54 14
trn/positive_data/G0029967.bmp 2 1036 1548 98 48 1132 1484 46 24
trn/positive_data/G0029972.bmp 1 2306 1334 84 12
trn/positive_data/G0029973.bmp 2 2512 1416 94 22 1888 1354 64 16
trn/positive_data/G0029974.bmp 1 1838 1512 88 24
trn/positive_data/G0029980.bmp 2 2030 1364 48 14 2034 1288 44 12
trn/positive_data/G0029981.bmp 2 1980 1526 106 28 1976 1356 76 20
trn/positive_data/G0029982.bmp 1 1934 1448 114 32
trn/positive_data/G0030003.bmp 2 2554 1562 124 68 2384 1388 126 30
trn/positive_data/G0030004.bmp 2 2500 1424 156 36 2078 1640 140 46
trn/positive_data/G0030011.bmp 1 1046 1478 68 30
trn/positive_data/G0030100.bmp 1 1878 1348 62 18
trn/positive_data/G0030101.bmp 1 1862 1446 82 26
trn/positive_data/G0030136.bmp 1 2170 1322 70 16
trn/positive_data/G0030137.bmp 1 2220 1382 86 26
trn/positive_data/G0030138.bmp 1 2306 1466 128 42
trn/positive_data/G0030139.bmp 1 2166 1370 104 26
trn/positive_data/G0030140.bmp 3 2258 1484 154 48 2290 1392 66 22 2528 1396 126 26
trn/positive_data/G0030141.bmp 2 2460 1484 126 46 2772 1490 172 40
trn/positive_data/G0030152.bmp 2 2660 1448 100 32 2438 1364 98 28
trn/positive_data/G0030153.bmp 2 3136 1634 146 62 2670 1460 142 36
trn/positive_data/G0030187.bmp 1 2910 1562 134 44
trn/positive_data/G0030193.bmp 2 1984 1604 166 80 1800 1374 100 28
trn/positive_data/G0030194.bmp 1 1804 1472 148 56
trn/positive_data/G0030220.bmp 4 2984 1624 298 82 2620 1376 162 34 1864 1406 90 28 1882 1372 94 22
trn/positive_data/G0030222.bmp 3 1814 1560 244 74 3114 1530 290 90 3026 1378 96 28
trn/positive_data/G0030238.bmp 1 2188 1386 122 30
trn/positive_data/G0030239.bmp 1 2254 1526 192 64
trn/positive_data/G0030256.bmp 1 1880 1372 150 118
trn/positive_data/G0030295.bmp 1 1888 1382 110 32
trn/positive_data/G0030296.bmp 1 1874 1536 174 62
trn/positive_data/G0030320.bmp 1 2094 1392 148 30
trn/positive_data/G0030321.bmp 1 2012 1460 220 52
trn/positive_data/G0030322.bmp 1 2104 1586 288 82
trn/positive_data/G0030371.bmp 1 2506 1324 50 14
trn/positive_data/G0030372.bmp 1 2864 1416 90 22
trn/positive_data/G0030528.bmp 1 1516 1370 126 26
trn/positive_data/G0030529.bmp 1 1268 1484 178 66
trn/positive_data/G0034201.bmp 1 1484 1398 56 14
trn/positive_data/G0036002.bmp 1 3016 1382 52 14
trn/positive_data/G0036003.bmp 2 3072 1428 70 20 2082 1332 50 14
trn/positive_data/G0036004.bmp 2 1266 1314 64 16 2618 1446 78 32
trn/positive_data/G0036005.bmp 2 328 1388 110 24 2190 1594 152 50
trn/positive_data/G0036008.bmp 1 2298 1364 64 18
trn/positive_data/G0036009.bmp 1 2008 1396 76 22
trn/positive_data/G0036010.bmp 1 1970 1454 110 34
trn/positive_data/G0036011.bmp 1 1942 1590 190 86
trn/positive_data/G0036056.bmp 2 1932 1322 38 14 1814 1318 22 14
trn/positive_data/G0036057.bmp 2 1894 1370 64 24 1700 1360 42 16
trn/positive_data/G0036058.bmp 3 1206 1434 40 14 1438 1498 116 48 1868 1562 152 96
trn/positive_data/G0040661.bmp 5 940 1278 86 16 1546 1274 44 12 1630 1280 56 12 2774 1356 44 12 2268 1280 46 10
trn/positive_data/G0040662.bmp 6 686 1324 98 22 1010 1264 38 12 1428 1304 52 12 1534 1308 64 16 2344 1290 42 12 3050 1398 58 16
trn/positive_data/G0040663.bmp 5 284 1416 110 20 762 1316 40 10 1210 1376 76 20 1344 1388 98 26 2458 1346 72 14
trn/positive_data/G0040664.bmp 4 366 1388 44 16 732 1514 146 54 902 1558 168 60 2712 1450 104 34
trn/positive_data/G0040806.bmp 2 2950 1494 162 42 2302 1336 68 12
trn/positive_data/G0040807.bmp 1 2432 1368 102 26
trn/positive_data/G0040808.bmp 1 2662 1486 134 36
trn/positive_data/G0040970.bmp 2 2636 1236 40 12 2690 1250 52 12
trn/positive_data/G0040971.bmp 2 2656 1248 44 8 2716 1260 58 14
trn/positive_data/G0040972.bmp 2 2678 1254 42 10 2750 1268 54 10
trn/positive_data/G0040973.bmp 2 2700 1256 44 12 2774 1270 74 16
trn/positive_data/G0040974.bmp 2 2724 1272 40 12 2804 1286 76 18
trn/positive_data/G0040975.bmp 2 2768 1278 42 14 2870 1298 72 20
trn/positive_data/G0040976.bmp 1 2928 1310 84 24
trn/positive_data/G0040977.bmp 2 2848 1308 44 12 2978 1334 92 20
trn/positive_data/G0040978.bmp 2 2892 1324 74 16 3068 1350 100 32
trn/positive_data/G0040979.bmp 3 2960 1350 58 20 2808 1324 78 18 3182 1392 102 34
trn/positive_data/G0040980.bmp 3 2768 1342 90 22 2942 1370 60 18 3228 1420 112 36
trn/positive_data/G0040981.bmp 3 2620 1370 138 34 2860 1412 106 26 3258 1474 158 58
trn/positive_data/G0040982.bmp 3 3342 1622 148 54 2746 1508 220 36 2402 1438 188 50
trn/positive_data/G0040983.bmp 1 2134 1560 278 88
trn/positive_data/G0041413.bmp 1 1878 1326 104 18
trn/positive_data/G0041414.bmp 1 1804 1360 134 36
trn/positive_data/G0041415.bmp 1 1766 1422 146 50
trn/positive_data/G0041416.bmp 1 1766 1472 196 72
trn/positive_data/G0041417.bmp 1 1766 1536 218 88
trn/positive_data/G0041793.bmp 1 1858 1242 24 8
trn/positive_data/G0041794.bmp 1 1856 1280 20 8
trn/positive_data/G0041795.bmp 1 1840 1320 34 14
trn/positive_data/G0041796.bmp 1 1816 1390 46 24
trn/positive_data/G0041809.bmp 2 1382 1268 20 12 2180 1364 50 12
trn/positive_data/G0041810.bmp 3 1024 1306 30 10 1960 1436 72 24 2720 1444 96 24
trn/positive_data/G0041811.bmp 3 556 1372 28 10 1548 1638 124 52 2714 1578 104 44
trn/positive_data/G0044263.bmp 1 1886 1398 46 12
trn/positive_data/G0044264.bmp 1 1914 1440 60 12
trn/positive_data/G0044265.bmp 1 1980 1518 98 26
trn/positive_data/G0044266.bmp 1 2248 1722 180 46
trn/positive_data/G0051938.bmp 2 1182 1308 98 18 2996 1368 66 16
trn/positive_data/G0051939.bmp 2 1110 1330 96 16 3122 1398 60 16
trn/positive_data/G0051940.bmp 2 1056 1324 140 28 3216 1420 56 20
trn/positive_data/G0051941.bmp 2 1018 1346 96 28 3280 1430 60 18
trn/positive_data/G0051942.bmp 2 996 1346 140 32 3370 1436 76 20
trn/positive_data/G0051943.bmp 2 3478 1456 98 28 1000 1362 110 32
trn/positive_data/G0051944.bmp 2 3606 1498 64 22 968 1392 102 24
trn/positive_data/G0051945.bmp 1 836 1428 136 32
trn/positive_data/G0051946.bmp 1 608 1490 170 42
trn/positive_data/G0051947.bmp 1 226 1596 186 62
trn/positive_data/G0052003.bmp 3 1140 1248 64 22 2960 1326 54 14 2820 1314 34 14
trn/positive_data/G0052004.bmp 5 1020 1272 56 16 2940 1346 28 14 3088 1352 64 20 3306 1376 28 8 3366 1356 34 10
trn/positive_data/G0052005.bmp 4 866 1298 68 26 3066 1368 38 12 3230 1374 64 18 3462 1396 36 12
trn/positive_data/G0052006.bmp 4 706 1330 106 26 702 1302 186 16 3216 1388 38 14 3382 1396 68 16
trn/positive_data/G0052007.bmp 4 564 1368 124 38 588 1336 200 18 3362 1408 44 18 3538 1410 76 24
trn/positive_data/G0052008.bmp 4 402 1386 132 36 492 1368 76 14 108 1348 70 22 3500 1440 40 8
trn/positive_data/G0052009.bmp 3 254 1440 146 48 356 1418 76 24 362 1386 208 26
trn/positive_data/G0052010.bmp 4 2 1518 148 58 132 1488 76 28 166 1452 212 36 1656 1444 50 14
trn/positive_data/G0052118.bmp 1 2276 1282 52 12
trn/positive_data/G0052119.bmp 1 2364 1296 50 10
trn/positive_data/G0052120.bmp 2 2464 1314 62 12 2464 1314 62 12
trn/positive_data/G0052121.bmp 1 2626 1320 64 14
trn/positive_data/G0052122.bmp 1 2884 1344 78 14
trn/positive_data/G0052123.bmp 1 3280 1388 76 20
trn/positive_data/G0052145.bmp 1 1968 1260 58 12
trn/positive_data/G0052146.bmp 1 2030 1320 94 26
trn/positive_data/G0052147.bmp 1 2148 1394 152 46
trn/positive_data/G0052162.bmp 1 822 1306 52 12
trn/positive_data/G0052163.bmp 1 1142 1360 68 14
trn/positive_data/G0052164.bmp 1 1440 1362 80 18
trn/positive_data/G0052165.bmp 2 1956 1514 92 38 1656 1374 98 30
trn/positive_data/G0052166.bmp 1 1756 1468 140 60
trn/positive_data/G0052178.bmp 1 2120 1500 82 50
trn/positive_data/G0052182.bmp 1 2150 1616 112 62
trn/positive_data/G0052190.bmp 1 1892 1288 72 18
trn/positive_data/G0052191.bmp 1 1886 1344 102 24
trn/positive_data/G0052192.bmp 1 1866 1454 184 50
trn/positive_data/G0052199.bmp 1 1870 1308 66 26
trn/positive_data/G0052200.bmp 1 1846 1392 102 36
trn/positive_data/G0052210.bmp 1 3308 1386 92 28
trn/positive_data/G0052398.bmp 2 1890 1310 48 14 2324 1322 56 16
trn/positive_data/G0052399.bmp 2 1886 1372 58 20 2428 1392 76 14
trn/positive_data/G0052400.bmp 2 1888 1366 78 24 2610 1406 110 30
trn/positive_data/G0052401.bmp 1 1870 1440 114 56
trn/positive_data/G0052405.bmp 4 2720 1346 68 16 2602 1336 46 16 2406 1294 66 16 2320 1296 38 14
trn/positive_data/G0052406.bmp 4 3002 1448 140 18 2888 1436 68 22 2560 1352 76 22 2434 1346 56 20
trn/positive_data/G0052407.bmp 3 3566 1656 110 64 2860 1446 126 32 2686 1440 94 28
trn/positive_data/G0052416.bmp 1 1866 1386 80 24
trn/positive_data/G0052417.bmp 1 1812 1636 182 50
trn/positive_data/G0052424.bmp 1 1830 1366 64 26
trn/positive_data/G0052425.bmp 1 1798 1566 106 64
trn/positive_data/G0052450.bmp 3 1780 1462 94 36 2434 1584 112 38 1988 1360 68 22
trn/positive_data/G0052464.bmp 2 1458 1574 154 58 1782 1482 270 80
trn/positive_data/G0052471.bmp 1 1798 1396 164 42
trn/positive_data/G0052584.bmp 1 3126 1380 50 12
trn/positive_data/G0052585.bmp 1 3502 1420 56 22
trn/positive_data/G0052683.bmp 2 1928 1336 48 16 1874 1280 42 16
trn/positive_data/G0052684.bmp 4 1224 1618 86 32 1808 1444 44 20 1918 1422 78 22 1846 1316 64 12
trn/positive_data/G0052685.bmp 1 1824 1388 90 24
trn/positive_data/G0052686.bmp 1 1774 1542 146 50
trn/positive_data/G0052689.bmp 2 1908 1384 40 10 1894 1280 36 10
trn/positive_data/G0052690.bmp 2 1908 1528 68 24 1894 1306 42 14
trn/positive_data/G0052691.bmp 1 1872 1364 66 20
trn/positive_data/G0052692.bmp 1 1838 1466 102 42
trn/positive_data/G0052766.bmp 1 1880 1364 76 22
trn/positive_data/G0052767.bmp 1 1856 1536 156 56
trn/positive_data/G0052778.bmp 2 1542 1444 78 32 1690 1356 82 22
trn/positive_data/G0052779.bmp 2 1488 1540 160 60 1822 1286 40 10
trn/positive_data/G0052780.bmp 2 1776 1330 72 12 1918 1284 28 10
trn/positive_data/G0052781.bmp 3 1666 1434 114 24 1878 1338 48 14 1974 1274 34 12
trn/positive_data/G0052782.bmp 5 1808 1422 72 24 1936 1298 50 12 1234 1626 228 88 1562 1308 66 12 1612 1278 52 20
trn/positive_data/G0052783.bmp 4 1474 1376 72 26 1538 1320 80 30 1986 1360 68 14 1818 1336 44 16
trn/positive_data/G0052784.bmp 5 1298 1490 120 58 1460 1404 104 36 1852 1420 64 26 2078 1470 128 36 1684 1278 30 10
trn/positive_data/G0052785.bmp 3 1896 1650 126 48 1230 1566 156 84 1690 1314 44 14
trn/positive_data/G0052786.bmp 2 3110 1432 62 24 1728 1360 54 12
trn/positive_data/G0052787.bmp 1 1770 1446 80 20
trn/positive_data/G0052788.bmp 1 1836 1636 132 38
trn/positive_data/G0052789.bmp 1 1252 1466 64 18
trn/positive_data/G0052790.bmp 1 1260 1618 88 42
trn/positive_data/G0052791.bmp 1 2584 1624 144 58
trn/positive_data/G0052910.bmp 6 1688 1506 130 32 2196 1470 92 26 2646 1444 126 28 2948 1588 102 36 2832 1426 62 16 2458 1648 132 30
trn/positive_data/G0052911.bmp 5 1588 1572 154 40 2210 1506 102 32 3192 1686 100 36 2726 1462 136 32 2916 1434 66 24
trn/positive_data/G0052912.bmp 6 1450 1650 206 58 2212 1542 176 46 2246 1484 110 24 2814 1480 158 38 3004 1442 74 22 2640 1478 66 18
trn/positive_data/G0052913.bmp 5 3316 1470 96 24 3130 1512 192 56 2938 1508 72 24 2474 1608 212 58 2490 1514 172 46
trn/positive_data/G0052966.bmp 1 2136 1468 112 44
trn/positive_data/G0052993.bmp 1 2024 1480 158 50
trn/positive_data/G0052998.bmp 2 1982 1460 102 32 3094 1600 148 56
trn/positive_data/G0053006.bmp 6 1430 1600 122 54 1810 1488 108 42 2020 1450 104 32 2122 1424 116 34 2286 1410 46 16 2072 1374 54 20
trn/positive_data/G0053102.bmp 1 2788 1334 88 24
trn/positive_data/G0053103.bmp 1 3356 1452 154 36
trn/positive_data/G0054291.bmp 1 1854 1352 66 12
trn/positive_data/G0054292.bmp 2 1790 1440 36 10 1802 1378 64 16
trn/positive_data/G0054293.bmp 2 1710 1474 40 14 1742 1386 74 16
trn/positive_data/G0054294.bmp 2 1562 1538 66 16 1670 1374 84 16
trn/positive_data/G0063493.bmp 1 1710 1558 134 74
trn/positive_data/G0063500.bmp 1 1862 1276 58 18
trn/positive_data/G0063501.bmp 2 1840 1338 82 28 1888 1318 40 12
trn/positive_data/G0063502.bmp 2 1772 1534 168 80 1578 1442 354 80
trn/positive_data/G0063628.bmp 1 2072 1348 56 22
trn/positive_data/G0063629.bmp 1 2256 1516 168 62
trn/positive_data/G0064306.bmp 1 1924 1386 58 16
trn/positive_data/G0064307.bmp 1 2022 1468 96 28
trn/positive_data/G0064315.bmp 1 1616 1600 36 30
trn/positive_data/G0064344.bmp 2 3046 1558 92 32 1814 1384 46 14
trn/positive_data/G0064345.bmp 1 1862 1448 58 16
trn/positive_data/G0064346.bmp 1 2044 1600 140 32
trn/positive_data/G0064970.bmp 1 1700 1312 82 28
trn/positive_data/G0064971.bmp 1 1604 1324 124 40
trn/positive_data/G0064972.bmp 1 1486 1394 140 60
trn/positive_data/G0064973.bmp 1 1216 1534 242 128
trn/positive_data/G0064998.bmp 1 2142 1280 160 28
trn/positive_data/G0064999.bmp 1 2306 1390 324 52
trn/positive_data/G0065000.bmp 1 2666 1522 622 126
trn/positive_data/G0065014.bmp 1 1732 1464 210 50
trn/positive_data/G0065039.bmp 1 2146 1424 58 20
trn/positive_data/G0065042.bmp 1 2106 1324 108 22
trn/positive_data/G0065043.bmp 1 2240 1430 176 44
trn/positive_data/G0065216.bmp 2 1786 1352 90 28 2028 1338 346 32
trn/positive_data/G0065217.bmp 2 1714 1510 264 72 2162 1484 574 70
trn/positive_data/G0065249.bmp 1 1712 1334 86 24
trn/positive_data/G0065250.bmp 2 2242 1336 98 20 1940 1294 62 16
trn/positive_data/G0065251.bmp 2 2468 1468 196 44 1954 1356 86 32
trn/positive_data/G0065252.bmp 1 2044 1568 198 82
trn/positive_data/G0065273.bmp 2 1680 1330 296 36 2026 1284 58 14
trn/positive_data/G0065274.bmp 2 1568 1420 426 68 2004 1328 128 18
trn/positive_data/G0065275.bmp 2 1418 1558 676 148 2064 1374 168 26
trn/positive_data/G0065278.bmp 1 2498 1354 66 14
trn/positive_data/G0065279.bmp 1 2568 1372 72 20
trn/positive_data/G0065280.bmp 1 2694 1446 94 32
trn/positive_data/G0065281.bmp 2 2978 1574 144 58 2136 1282 52 18
trn/positive_data/G0065283.bmp 2 2256 1350 66 32 2332 1436 70 18
trn/positive_data/G0065284.bmp 2 2584 1600 92 28 2370 1422 102 40
trn/positive_data/G0065285.bmp 1 2644 1580 186 96
trn/positive_data/G0065300.bmp 1 1872 1314 66 14
trn/positive_data/G0065301.bmp 1 1842 1420 106 30
trn/positive_data/G0065305.bmp 1 1838 1336 80 18
trn/positive_data/G0065306.bmp 1 1824 1414 122 32
trn/positive_data/G0065327.bmp 1 2478 1502 76 28
trn/positive_data/G0065613.bmp 5 2484 1488 192 38 2160 1468 62 18 2436 1382 118 26 1884 1352 42 16 2356 1322 80 22
trn/positive_data/G0065614.bmp 4 2618 1616 296 72 2168 1590 86 30 2484 1438 154 40 2362 1350 90 28
trn/positive_data/G0065615.bmp 3 2696 1552 230 78 2468 1410 114 36 1754 1480 62 22
trn/positive_data/G0065616.bmp 2 1748 1624 98 44 2756 1490 168 66
trn/positive_data/G0065656.bmp 2 1958 1284 56 12 2048 1286 168 16
trn/positive_data/G0065657.bmp 2 1998 1346 72 18 2124 1352 238 32
trn/positive_data/G0065658.bmp 2 2102 1474 120 36 2324 1492 454 76
trn/positive_data/G0065669.bmp 6 2626 1488 122 46 2476 1444 194 42 2312 1396 178 44 2590 1326 158 20 2946 1446 134 34 3140 1446 96 22
trn/positive_data/G0065756.bmp 1 1826 1324 62 12
trn/positive_data/G0065757.bmp 1 1844 1390 92 24
trn/positive_data/G0065758.bmp 1 1834 1550 160 46
trn/positive_data/G0065767.bmp 2 1892 1306 52 16 1782 1274 162 14
trn/positive_data/G0065768.bmp 2 1888 1380 68 16 1730 1310 218 20
trn/positive_data/G0065769.bmp 2 1876 1558 134 36 1662 1380 318 40
trn/positive_data/G0065770.bmp 1 1540 1526 546 78
trn/positive_data/G0065792.bmp 5 2330 1368 178 26 2100 1320 102 18 1962 1318 66 12 1836 1326 32 12 1898 1314 44 12
trn/positive_data/G0065793.bmp 5 2456 1448 272 40 2130 1362 134 22 1960 1360 92 12 1748 1378 86 22 1840 1350 90 20
trn/positive_data/G0065794.bmp 5 2616 1582 466 126 2076 1416 180 34 1850 1418 148 18 1696 1404 112 24 1556 1452 122 30
trn/positive_data/G0065795.bmp 4 1136 1584 210 78 1408 1486 164 32 1592 1500 248 34 1942 1498 266 58
trn/positive_data/G0066026.bmp 1 2294 1376 68 20
trn/positive_data/G0066027.bmp 1 2132 1444 72 22
trn/positive_data/G0066028.bmp 1 2022 1526 104 36
trn/positive_data/G0066079.bmp 1 1568 1368 262 46
trn/positive_data/G0066080.bmp 1 1924 1392 332 78
trn/positive_data/G0066081.bmp 1 2188 1476 472 136
trn/positive_data/G0066084.bmp 2 1778 1330 122 26 1906 1304 90 16
trn/positive_data/G0066085.bmp 2 1788 1384 150 34 1948 1346 92 20
trn/positive_data/G0066086.bmp 2 1772 1452 196 52 1976 1388 116 22
trn/positive_data/G0066087.bmp 2 1694 1592 290 94 1988 1476 144 32
trn/positive_data/G0066106.bmp 4 1860 1340 72 18 1992 1350 50 12 2026 1322 50 18 2002 1298 56 12
trn/positive_data/G0066107.bmp 4 1870 1470 122 30 2082 1492 114 40 2138 1428 86 34 2088 1372 74 16
trn/positive_data/G0066108.bmp 2 2286 1582 162 56 1904 1310 96 16
trn/positive_data/G0066109.bmp 1 1884 1388 156 38
trn/positive_data/G0066117.bmp 2 1844 1386 134 40 2122 1354 56 22
trn/positive_data/G0066118.bmp 2 1754 1612 292 76 2262 1506 124 56
trn/positive_data/G0066126.bmp 5 1814 1306 120 22 2200 1288 70 14 2322 1292 76 18 2680 1326 112 22 2674 1384 120 30
trn/positive_data/G0066127.bmp 5 1774 1360 164 24 2290 1326 86 16 2460 1332 92 20 2990 1394 156 40 3148 1536 214 64
trn/positive_data/G0066128.bmp 3 1726 1468 250 98 2482 1396 122 26 2732 1412 150 46
trn/positive_data/G0066129.bmp 2 2890 1584 232 82 3340 1632 296 90
trn/positive_data/G0066252.bmp 1 2276 1350 44 16
trn/positive_data/G0066253.bmp 1 2550 1506 120 32
trn/positive_data/G0066261.bmp 2 2336 1302 60 20 2236 1218 76 10
trn/positive_data/G0066262.bmp 3 2666 1368 90 14 2460 1240 94 8 2498 1252 40 8
trn/positive_data/G0066263.bmp 3 3292 1454 130 36 2888 1264 58 10 2836 1248 116 14
trn/positive_data/G0066264.bmp 2 3464 1310 58 10 3364 1284 150 18
trn/positive_data/G0066341.bmp 2 1694 1520 118 28 2166 1326 142 52
trn/positive_data/G0066342.bmp 1 2328 1430 248 88
trn/positive_data/G0066343.bmp 2 2218 1522 108 46 1890 1456 70 30
trn/positive_data/G0066355.bmp 1 2174 1358 82 26
trn/positive_data/G0066356.bmp 1 2396 1516 146 52
trn/positive_data/G0066360.bmp 3 2300 1394 116 32 2154 1308 184 22 2072 1250 36 12
trn/positive_data/G0066361.bmp 3 2590 1594 232 88 2226 1374 280 36 2078 1276 56 14
trn/positive_data/G0066362.bmp 3 1328 1424 910 214 2448 1510 412 74 2130 1310 78 20
trn/positive_data/G0066363.bmp 2 1230 1644 232 70 2238 1386 116 28
trn/positive_data/G0066364.bmp 3 2452 1512 162 40 1704 1316 164 24 1840 1278 100 14
trn/positive_data/G0066365.bmp 2 1596 1364 176 30 1790 1310 120 18
trn/positive_data/G0066366.bmp 2 1406 1448 230 48 1706 1352 162 30
trn/positive_data/G0066367.bmp 2 938 1648 396 88 1504 1434 284 48
trn/positive_data/G0066395.bmp 3 2684 1376 80 18 1968 1248 70 14 2174 1308 66 14
trn/positive_data/G0066396.bmp 4 2962 1470 134 36 2234 1360 72 18 2084 1278 60 14 1966 1276 70 14
trn/positive_data/G0066397.bmp 4 3480 1646 182 64 2320 1432 120 28 2090 1300 86 18 1944 1296 86 20
trn/positive_data/G0066398.bmp 3 2486 1620 200 60 2072 1360 112 22 1894 1352 98 24
trn/positive_data/G0066399.bmp 2 2070 1452 156 46 1828 1440 138 34
trn/positive_data/G0066400.bmp 2 2174 1598 252 82 1806 1562 220 76
trn/positive_data/G0066415.bmp 1 2172 1360 86 18
trn/positive_data/G0066416.bmp 1 2296 1454 128 38
trn/positive_data/G0066420.bmp 2 2270 1378 58 20 1854 1300 40 14
trn/positive_data/G0066421.bmp 2 2546 1532 120 50 1864 1354 64 28
trn/positive_data/G0066422.bmp 1 1852 1466 88 66
trn/positive_data/G0066491.bmp 2 1572 1420 108 24 1440 1394 130 18
trn/positive_data/G0066492.bmp 2 1442 1492 144 36 1308 1458 148 22
trn/positive_data/G0066493.bmp 2 1202 1566 164 48 1066 1520 170 26
trn/positive_data/G0066494.bmp 2 682 1602 188 40 826 1668 162 44
trn/positive_data/G0066547.bmp 2 1504 1470 114 50 1786 1316 126 20
trn/positive_data/G0066548.bmp 2 1308 1612 148 100 1760 1338 170 28
trn/positive_data/G0066549.bmp 3 1730 1396 226 38 1648 1344 98 24 1388 1332 74 18
trn/positive_data/G0066550.bmp 5 1682 1516 328 68 1586 1418 138 36 1272 1380 112 34 2258 1414 126 36 1958 1286 42 8
trn/positive_data/G0066551.bmp 5 1940 1618 120 58 2490 1532 220 88 1520 1514 208 70 1168 1424 148 44 2038 1300 50 16
trn/positive_data/G0066552.bmp 3 1592 1604 142 42 976 1512 228 72 2140 1326 52 16
trn/positive_data/G0066553.bmp 5 2272 1388 80 32 2138 1416 64 18 2126 1326 34 12 2108 1298 58 16 1614 1350 50 16
trn/positive_data/G0066554.bmp 5 2454 1438 110 48 2276 1478 112 30 2212 1338 64 18 2198 1304 70 16 1620 1366 72 20
trn/positive_data/G0066555.bmp 6 2534 1632 170 50 2766 1560 172 90 1592 1410 108 36 2350 1382 86 22 2316 1332 82 20 1868 1348 58 10
trn/positive_data/G0066556.bmp 6 1294 1648 146 60 1488 1504 178 52 2516 1468 136 42 2456 1390 100 26 1894 1400 78 18 2326 1414 78 48
trn/positive_data/G0066557.bmp 8 2864 1646 174 62 2644 1484 172 40 2512 1534 148 82 1886 1492 124 36 1918 1340 68 14 2270 1378 50 16 2016 1320 46 12 1916 1328 48 12
trn/positive_data/G0066558.bmp 6 2384 1462 76 36 1900 1396 98 22 1898 1374 92 18 2020 1364 60 18 2656 1460 72 20 2730 1534 206 68
trn/positive_data/G0066559.bmp 8 3002 1602 104 36 2642 1628 134 54 1886 1488 150 40 1886 1448 146 36 2062 1436 76 18 2492 1424 94 28 2400 1352 106 16 2384 1384 72 16
trn/positive_data/G0066560.bmp 7 1810 1616 240 88 2066 1590 156 38 2724 1576 146 38 2870 1584 62 24 2524 1486 66 30 2510 1432 144 28 2640 1474 52 22
trn/positive_data/G0066561.bmp 3 2682 1564 262 68 1950 1412 194 56 2246 1318 64 20
trn/positive_data/G0066562.bmp 5 1932 1562 230 104 1736 1600 146 54 1746 1648 280 48 2034 1496 114 40 2242 1360 134 34
trn/positive_data/G0066563.bmp 3 2324 1446 294 58 1888 1458 142 26 2012 1552 68 20
trn/positive_data/G0066564.bmp 8 2622 1588 402 114 1932 1498 142 44 1638 1456 124 44 1676 1408 98 46 1820 1370 72 22 1786 1346 62 18 1872 1338 86 20 2262 1324 58 26
trn/positive_data/G0066565.bmp 11 2508 1544 204 92 1414 1606 172 94 1724 1628 128 42 1682 1482 108 34 1658 1424 80 26 1776 1418 138 28 1698 1370 68 22 1806 1346 104 20 1632 1340 126 22 2088 1336 62 18 2302 1388 86 24
trn/positive_data/G0066566.bmp 9 1436 1626 154 72 1638 1620 268 68 2484 1526 170 60 2590 1494 116 22 2460 1492 96 20 2138 1414 102 26 1554 1494 84 40 1492 1432 184 36 1756 1438 126 30
trn/positive_data/G0066567.bmp 4 1218 1558 672 144 2328 1564 186 62 2530 1556 146 50 1974 1282 112 14
trn/positive_data/G0066568.bmp 6 1552 1496 90 22 1376 1558 86 58 2506 1500 92 42 2490 1446 94 42 2024 1318 154 22 2278 1354 106 38
trn/positive_data/G0066569.bmp 8 1590 1452 70 28 2908 1668 104 38 2676 1550 108 42 2490 1470 128 34 2460 1440 70 24 2076 1368 222 42 2320 1388 84 24 2214 1414 90 26
trn/positive_data/G0066570.bmp 14 1348 1648 128 58 2970 1558 106 42 2772 1600 170 70 2616 1606 228 80 2436 1584 144 40 2398 1544 132 40 2154 1460 348 86 2494 1490 154 58 2668 1436 110 42 2336 1380 84 26 1560 1402 80 30 1700 1322 44 12 1704 1310 44 12 1792 1272 28 10
trn/positive_data/G0066571.bmp 11 3112 1626 164 70 2346 1604 114 46 2488 1642 158 38 2582 1604 102 34 2542 1566 126 30 2542 1496 138 42 2628 1542 140 46 1658 1414 62 18 1662 1364 54 16 1776 1302 34 12 1640 1382 50 18
trn/positive_data/G0066572.bmp 5 1512 1566 90 30 1530 1446 80 26 1508 1490 68 18 1628 1386 58 16 1730 1340 88 16
trn/positive_data/G0066573.bmp 2 1170 1668 148 36 1608 1400 126 34
trn/positive_data/G0066574.bmp 3 1370 1548 206 66 1418 1414 82 18 1608 1324 50 24
trn/positive_data/G0066575.bmp 3 1128 1580 138 54 1392 1448 72 24 1506 1390 74 32
trn/positive_data/G0066576.bmp 4 1028 1658 180 56 1270 1516 168 114 2568 1622 100 48 2546 1588 80 32
trn/positive_data/G0066577.bmp 4 1170 1594 100 36 1456 1498 92 32 1968 1338 56 18 2040 1318 70 18
trn/positive_data/G0066578.bmp 4 1154 1626 152 38 2042 1412 110 30 2114 1370 144 38 1978 1326 102 22
trn/positive_data/G0066579.bmp 6 2172 1566 170 58 2248 1462 234 86 1698 1408 70 18 1708 1390 64 14 1578 1416 94 24 2036 1384 152 40
trn/positive_data/G0066580.bmp 6 1302 1616 110 40 1458 1540 134 42 1646 1526 96 34 1666 1484 84 28 2148 1486 254 78 2482 1584 114 66
trn/positive_data/G0066581.bmp 5 2276 1554 118 44 2310 1490 118 42 2124 1538 116 28 1552 1392 170 60 2076 1344 62 20
trn/positive_data/G0066582.bmp 3 1412 1496 242 98 2138 1512 130 60 2572 1466 86 28
trn/positive_data/G0066583.bmp 7 1548 1540 122 42 2248 1528 134 44 2924 1648 126 44 2758 1520 118 40 2426 1474 172 38 2148 1422 196 26 1744 1448 94 22
trn/positive_data/G0066584.bmp 4 1580 1596 166 64 2192 1560 346 48 2088 1432 122 34 1746 1346 126 32
trn/positive_data/G0066585.bmp 2 2084 1556 200 74 1622 1400 156 48
trn/positive_data/G0066586.bmp 3 1368 1494 242 70 1812 1286 54 16 1614 1276 50 14
trn/positive_data/G0066587.bmp 4 1734 1328 68 14 1514 1316 48 10 1786 1276 24 12 1786 1264 38 10
trn/positive_data/G0066588.bmp 5 1712 1354 122 24 1460 1334 68 14 1344 1352 100 36 1782 1288 32 10 1788 1268 44 12
trn/positive_data/G0066589.bmp 5 1272 1394 130 46 1426 1366 88 14 1716 1402 148 34 1816 1306 30 10 1830 1278 48 18
trn/positive_data/G0066590.bmp 10 1736 1492 204 52 1164 1466 200 66 1396 1410 96 26 1838 1382 128 34 1994 1380 50 20 2008 1360 76 14 1878 1332 94 16 1982 1312 56 18 1888 1298 54 16 1708 1290 50 14
trn/positive_data/G0066591.bmp 12 1846 1668 160 34 944 1574 336 130 1328 1498 124 40 2088 1552 142 48 2116 1452 72 22 1916 1450 168 52 2138 1410 84 18 1956 1360 134 24 2082 1348 56 14 2106 1336 46 12 1976 1318 88 18 1758 1304 72 12
trn/positive_data/G0066592.bmp 10 990 1582 248 164 1886 1596 262 100 2198 1606 102 30 2208 1518 126 32 1614 1470 162 60 1958 1432 172 30 2120 1406 76 18 2144 1390 64 12 1974 1356 132 34 1704 1334 94 22
trn/positive_data/G0066593.bmp 7 1250 1594 384 112 1892 1534 242 70 2120 1492 108 28 2148 1462 84 24 1906 1402 186 46 1590 1368 100 28 1620 1344 54 8
trn/positive_data/G0066594.bmp 7 2162 1610 170 50 2160 1610 174 50 1818 1490 254 88 1338 1438 214 38 1482 1386 66 16 1400 1380 74 20 1472 1366 76 14
trn/positive_data/G0066595.bmp 6 1068 1550 322 66 1316 1466 84 22 1220 1456 94 26 1318 1432 90 20 1334 1368 100 20 1842 1240 38 10
trn/positive_data/G0066596.bmp 6 1168 1566 132 38 1074 1542 138 38 1226 1506 102 30 1280 1410 116 20 1332 1388 58 18 1908 1244 30 8
trn/positive_data/G0066597.bmp 6 1008 1682 164 66 1192 1490 152 40 1268 1470 84 22 1982 1272 38 14 1534 1388 88 14 1610 1348 78 12
trn/positive_data/G0066598.bmp 5 944 1616 218 56 1088 1564 102 42 1478 1432 62 18 1548 1426 48 14 2040 1276 34 12
trn/positive_data/G0066599.bmp 6 1326 1546 92 32 1428 1538 70 24 1202 1620 90 24 2494 1600 100 42 1982 1328 64 12 2086 1296 46 14
trn/positive_data/G0066600.bmp 6 1370 1560 182 42 1894 1542 104 76 2030 1368 66 22 1686 1376 56 12 1660 1390 76 16 2150 1322 64 24
trn/positive_data/G0066601.bmp 5 1572 1442 134 56 1964 1408 94 38 2100 1438 98 38 2234 1356 112 38 1962 1328 242 32
trn/positive_data/G0066602.bmp 9 1392 1650 172 56 1498 1592 116 32 2002 1532 170 66 2218 1594 164 70 2430 1610 126 44 2360 1416 156 80 1986 1366 326 50 1674 1370 82 24 1752 1348 88 20
trn/positive_data/G0066603.bmp 9 2548 1542 270 142 2152 1648 148 58 2442 1594 122 44 1986 1446 452 96 1140 1646 150 62 1558 1448 112 32 1670 1408 116 22 2028 1358 102 60 1702 1336 70 24
trn/positive_data/G0066604.bmp 6 1334 1590 170 56 1530 1512 152 36 1978 1600 210 100 2404 1572 166 90 2030 1412 142 112 2170 1338 70 28
trn/positive_data/G0066605.bmp 10 2032 1514 214 184 1370 1476 198 48 1414 1442 128 32 2142 1392 144 50 2452 1528 122 52 1918 1388 140 46 1914 1350 134 32 1546 1358 98 22 1620 1314 72 30 1688 1272 64 12
trn/positive_data/G0066606.bmp 7 1046 1622 300 96 1168 1560 192 54 1418 1416 114 28 1514 1356 126 24 2176 1468 216 88 2314 1432 110 56 1662 1296 32 10
trn/positive_data/G0066607.bmp 12 1230 1512 162 42 1380 1408 178 44 1868 1502 340 96 2240 1540 170 52 2444 1568 210 84 2116 1418 154 52 1988 1396 106 34 2056 1364 48 16 1608 1316 60 12 1654 1286 42 14 1706 1264 16 6 1734 1248 22 6
trn/positive_data/G0066608.bmp 13 904 1716 210 38 1218 1496 222 68 1874 1538 120 104 1982 1606 140 74 2224 1540 238 96 1990 1486 192 58 1892 1424 142 74 2124 1434 68 24 2118 1392 42 14 1914 1348 52 16 1848 1310 52 14 1612 1310 56 12 1722 1258 24 8
trn/positive_data/G0066609.bmp 13 856 1670 354 86 1902 1532 216 148 2048 1506 146 44 2162 1596 82 38 2142 1648 194 64 2228 1552 110 38 2398 1606 70 22 1922 1394 86 26 1946 1442 80 24 1844 1334 88 20 1440 1390 160 32 1570 1340 62 14 1702 1268 28 10
trn/positive_data/G0066610.bmp 10 1802 1604 52 26 1874 1536 76 42 1922 1492 142 54 1966 1586 120 58 2358 1644 86 32 1828 1390 144 28 1490 1390 84 22 1340 1488 158 46 1292 1472 94 26 1660 1290 56 14
trn/positive_data/G0066611.bmp 11 1048 1632 248 76 1030 1598 132 44 1362 1456 104 38 1794 1478 178 42 2090 1578 124 42 2294 1602 90 42 1358 1460 102 32 1442 1374 84 32 1528 1336 62 10 1608 1312 70 14 1666 1284 40 10
trn/positive_data/G0066612.bmp 9 1734 1628 274 78 2078 1592 174 46 1106 1578 184 70 1302 1424 136 60 1446 1368 74 20 1554 1490 88 26 1552 1338 100 18 1628 1304 48 10 1858 1336 58 12
trn/positive_data/G0066613.bmp 6 1398 1654 114 54 1096 1528 186 86 1340 1412 90 36 1484 1372 124 34 1594 1324 52 14 1858 1366 70 14
trn/positive_data/G0066614.bmp 4 1180 1516 124 48 1388 1446 164 48 1554 1374 62 16 1862 1448 90 20
trn/positive_data/G0066615.bmp 6 852 1662 180 90 1220 1540 214 84 1484 1416 80 24 1862 1560 138 42 2344 1466 160 72 1946 1366 80 24
trn/positive_data/G0066616.bmp 4 1350 1498 106 34 2022 1580 104 94 1978 1428 74 34 2256 1506 106 40
trn/positive_data/G0066617.bmp 5 1022 1686 150 66 2012 1542 124 82 2438 1504 72 36 2462 1564 136 66 1592 1370 50 14
trn/positive_data/G0066618.bmp 4 1248 1608 52 24 1884 1598 298 96 2482 1620 90 38 2340 1514 54 14
trn/positive_data/G0066619.bmp 6 1238 1568 134 50 1934 1594 114 38 2054 1568 88 30 2370 1462 170 78 2326 1386 46 14 1972 1382 52 16
trn/positive_data/G0066620.bmp 6 1994 1482 82 24 2488 1484 88 24 1934 1400 74 34 2018 1428 44 16 1928 1316 96 32 2130 1286 110 44
trn/positive_data/G0066621.bmp 4 2074 1598 80 50 1932 1534 182 70 1920 1362 142 56 2160 1316 152 58
trn/positive_data/G0066622.bmp 6 2304 1538 170 72 1912 1444 218 120 2216 1378 252 88 2096 1360 72 26 2166 1272 48 8 2178 1258 48 10
trn/positive_data/G0066623.bmp 7 2368 1606 106 40 2382 1454 426 196 2178 1424 108 44 1212 1542 280 70 1322 1500 128 52 1322 1444 206 46 1468 1382 74 26
trn/positive_data/G0066624.bmp 9 1938 1564 206 114 2346 1604 168 66 2492 1576 98 36 2574 1634 112 42 1290 1490 128 36 2394 1482 62 18 2306 1428 70 24 2284 1330 84 16 2294 1296 74 22
trn/positive_data/G0066625.bmp 7 884 1676 238 84 2080 1612 92 56 2502 1552 166 66 2564 1514 78 28 2302 1408 136 56 2398 1366 96 24 2384 1322 78 24
trn/positive_data/G0066626.bmp 7 2528 1538 204 132 2602 1450 134 50 2538 1376 108 40 1514 1462 96 32 2182 1382 152 34 2232 1324 38 14 2220 1288 64 16
trn/positive_data/G0066627.bmp 9 1286 1650 158 56 3032 1642 210 88 2812 1470 144 70 2522 1600 182 62 2352 1598 118 50 2318 1482 226 62 2288 1366 108 34 2294 1320 96 24 1156 1514 270 88
trn/positive_data/G0066628.bmp 6 2102 1564 214 120 2404 1538 70 26 2440 1446 146 48 2400 1358 132 40 2028 1448 116 42 1976 1392 118 34
trn/positive_data/G0066629.bmp 4 2712 1602 232 94 1972 1496 140 52 2522 1414 228 78 1704 1390 70 20
trn/positive_data/G0066630.bmp 6 2824 1552 338 132 2442 1604 184 66 2138 1586 230 96 2346 1530 116 36 1580 1488 96 28 1646 1282 96 24
trn/positive_data/G0066631.bmp 3 1178 1618 150 50 1598 1308 94 34 1890 1296 94 20
trn/positive_data/G0066632.bmp 4 904 1594 468 114 1498 1316 142 52 1870 1306 172 40 2232 1338 168 56
trn/positive_data/G0066633.bmp 3 2334 1410 196 42 1860 1340 222 60 1306 1360 298 68
trn/positive_data/G0066634.bmp 4 1116 1402 408 116 1852 1404 278 80 2590 1530 212 106 2090 1576 144 66
trn/positive_data/G0066635.bmp 2 1754 1494 424 158 736 1494 592 184
trn/positive_data/G0066636.bmp 4 978 1588 162 66 700 1632 292 124 1766 1528 116 64 1928 1526 188 78
trn/positive_data/G0066641.bmp 4 1292 1518 98 38 2248 1404 110 34 2324 1434 80 52 2204 1310 100 34
trn/positive_data/G0066642.bmp 5 2546 1614 134 66 2384 1518 182 74 2244 1344 140 58 2222 1274 52 32 1710 1444 76 24
trn/positive_data/G0066643.bmp 4 1500 1618 148 76 2408 1578 152 56 2216 1398 410 128 2232 1310 82 30
trn/positive_data/G0066644.bmp 2 2384 1520 548 176 2276 1356 124 48
trn/positive_data/G0066645.bmp 4 2370 1410 236 124 1538 1582 122 48 1372 1672 98 34 2200 1344 100 28
trn/positive_data/G0066646.bmp 4 2604 1560 210 128 2286 1498 96 44 2278 1420 154 44 2194 1434 68 28
trn/positive_data/G0066647.bmp 2 2382 1554 518 120 1756 1280 68 28
trn/positive_data/G0066648.bmp 4 2854 1640 162 58 2214 1386 102 26 1456 1666 114 42 1722 1310 100 32
trn/positive_data/G0066649.bmp 6 2380 1516 158 46 2304 1546 118 48 2270 1602 94 56 2178 1510 86 32 1660 1374 130 32 1686 1350 100 32
trn/positive_data/G0066650.bmp 5 1518 1484 188 90 1596 1436 120 48 1634 1394 96 46 2122 1474 90 48 2296 1554 122 72
trn/positive_data/G0066651.bmp 3 1352 1634 216 74 1484 1512 146 70 2140 1350 68 38
trn/positive_data/G0066652.bmp 2 2472 1614 100 46 2258 1442 122 56
trn/positive_data/G0066694.bmp 3 2150 1510 142 52 2156 1410 98 22 2428 1420 138 38
trn/positive_data/G0066695.bmp 4 2294 1600 222 64 2804 1616 264 94 1506 1416 98 36 1870 1386 82 24
trn/positive_data/G0066696.bmp 4 1174 1594 176 86 1792 1524 152 48 2252 1458 146 38 1930 1454 180 50
trn/positive_data/G0066701.bmp 1 2240 1380 90 30
trn/positive_data/G0066702.bmp 1 2386 1484 156 68
trn/positive_data/G0066703.bmp 2 2430 1578 168 68 2102 1398 178 54
trn/positive_data/G0066704.bmp 1 2170 1556 294 86
trn/positive_data/G0066817.bmp 1 1886 1484 168 52
trn/positive_data/G0066876.bmp 1 2050 1336 140 26
trn/positive_data/G0066877.bmp 2 2090 1396 174 44 2238 1296 64 22
trn/positive_data/G0066878.bmp 3 2176 1500 252 62 2298 1332 88 28 3476 1320 180 24
trn/positive_data/G0066879.bmp 1 2518 1382 106 22
trn/positive_data/G0066880.bmp 1 2830 1470 148 32
trn/positive_data/G0066881.bmp 1 2980 1556 208 54
trn/positive_data/G0066886.bmp 6 3066 1366 52 20 3162 1370 78 20 3196 1390 50 14 3230 1398 62 16 3270 1420 180 50 3166 1334 42 16
trn/positive_data/G0066887.bmp 5 2996 1462 220 74 2940 1440 70 20 2892 1430 62 16 2838 1412 88 20 2734 1408 56 20
trn/positive_data/G0066888.bmp 6 3018 1556 358 120 2920 1518 100 28 2852 1502 80 24 2766 1472 114 28 2632 1478 86 28 2666 1384 78 26
trn/positive_data/G0066889.bmp 4 2846 1634 144 66 3026 1626 146 38 3166 1684 124 44 2778 1448 84 30
trn/positive_data/G0066905.bmp 1 1830 1362 122 24
trn/positive_data/G0066906.bmp 1 1810 1478 152 58
trn/positive_data/G0066910.bmp 2 1938 1368 78 16 1920 1346 66 20
trn/positive_data/G0066911.bmp 2 1914 1466 136 44 1912 1424 84 28
trn/positive_data/G0066912.bmp 1 1898 1600 130 66
trn/positive_data/G0066915.bmp 1 2184 1368 58 16
trn/positive_data/G0066916.bmp 1 2318 1470 94 30
trn/positive_data/G0066919.bmp 1 2492 1388 100 26
trn/positive_data/G0066920.bmp 1 2922 1558 168 50
trn/positive_data/G0066924.bmp 2 2550 1408 142 26 1902 1382 66 40
trn/positive_data/G0066925.bmp 2 1878 1528 124 56 2966 1564 212 74
trn/positive_data/G0066930.bmp 5 1866 1366 84 22 2762 1446 118 32 2158 1308 50 16 1888 1276 38 12 1912 1260 38 14
trn/positive_data/G0066931.bmp 4 1834 1494 148 44 2254 1360 80 34 1890 1310 54 16 1918 1286 46 12
trn/positive_data/G0066932.bmp 3 2480 1490 144 54 1884 1370 70 24 1910 1332 56 18
trn/positive_data/G0066933.bmp 2 1824 1484 152 74 1932 1414 48 20
trn/positive_data/G0066934.bmp 1 1938 1644 186 54
trn/positive_data/G0066937.bmp 1 2174 1344 60 20
trn/positive_data/G0066938.bmp 1 2332 1464 106 46
trn/positive_data/G0066939.bmp 2 2236 1352 66 18 1842 1236 34 10
trn/positive_data/G0066940.bmp 2 2398 1458 132 40 1836 1250 28 10
trn/positive_data/G0066941.bmp 1 1814 1278 32 10
trn/positive_data/G0066942.bmp 1 1796 1310 54 18
trn/positive_data/G0066943.bmp 1 1790 1352 74 22
trn/positive_data/G0066944.bmp 1 1782 1448 108 36
trn/positive_data/G0066949.bmp 1 1948 1358 90 20
trn/positive_data/G0066950.bmp 3 1966 1446 140 38 2018 1644 92 40 3024 1442 52 20
trn/positive_data/G0066951.bmp 1 2010 1628 244 72
trn/positive_data/G0066952.bmp 1 3126 1344 74 22
trn/positive_data/G0066953.bmp 1 3340 1372 84 20
trn/positive_data/G0066959.bmp 1 2864 1506 126 34
trn/positive_data/G0066960.bmp 2 2466 1484 150 36 3292 1418 104 32
trn/positive_data/G0066961.bmp 3 2060 1496 164 28 2940 1388 100 34 3344 1560 186 112
trn/positive_data/G0066962.bmp 3 1618 1504 182 38 2590 1364 106 30 3026 1550 146 72
trn/positive_data/G0066963.bmp 3 1152 1552 198 64 2244 1362 108 30 2706 1554 192 98
trn/positive_data/G0066964.bmp 3 614 1646 234 56 1872 1384 120 40 2360 1606 152 60
trn/positive_data/G0066965.bmp 2 1362 1602 126 36 1466 1430 136 34
trn/positive_data/G0066966.bmp 1 1032 1468 150 48
trn/positive_data/G0066967.bmp 1 550 1528 170 64
trn/positive_data/G0066980.bmp 2 2540 1386 138 44 1918 1234 36 14
trn/positive_data/G0066981.bmp 2 2844 1490 218 66 1980 1252 36 12
trn/positive_data/G0066982.bmp 1 2044 1274 30 10
trn/positive_data/G0066983.bmp 1 2104 1292 44 12
trn/positive_data/G0066984.bmp 1 2156 1316 60 14
trn/positive_data/G0066985.bmp 1 2236 1378 84 24
trn/positive_data/G0066986.bmp 2 2416 1500 138 42 2230 1302 48 16
trn/positive_data/G0066987.bmp 1 2310 1344 66 24
trn/positive_data/G0066988.bmp 1 2464 1450 98 32
trn/positive_data/G0067001.bmp 1 1874 1336 112 20
trn/positive_data/G0067002.bmp 2 1850 1450 174 46 2794 1466 98 32
trn/positive_data/G0067006.bmp 1 1876 1354 48 10
trn/positive_data/G0067007.bmp 1 1858 1424 90 20
trn/positive_data/G0067011.bmp 1 2286 1394 72 20
trn/positive_data/G0067012.bmp 1 2596 1596 144 52
trn/positive_data/G0067019.bmp 1 2630 1388 114 30
trn/positive_data/G0067028.bmp 1 1826 1636 64 28
trn/positive_data/G0067035.bmp 2 1604 1382 84 26 1792 1300 106 20
trn/positive_data/G0067036.bmp 3 1378 1532 146 42 1900 1404 86 22 1734 1346 142 34
trn/positive_data/G0067037.bmp 2 1890 1578 122 42 1638 1442 208 52
trn/positive_data/G0067038.bmp 3 1564 1568 366 138 2082 1284 76 12 1526 1270 102 18
trn/positive_data/G0067039.bmp 2 2236 1304 78 18 1572 1286 72 14
trn/positive_data/G0067040.bmp 2 2308 1334 88 26 1554 1308 102 16
trn/positive_data/G0067041.bmp 2 2282 1354 98 24 1426 1316 114 20
trn/positive_data/G0067042.bmp 2 2266 1388 98 30 1280 1338 136 26
trn/positive_data/G0067043.bmp 2 1168 1384 162 32 2334 1446 138 40
trn/positive_data/G0067044.bmp 2 2584 1536 184 58 1134 1424 190 38
trn/positive_data/G0067045.bmp 1 1062 1470 230 62
trn/positive_data/G0067046.bmp 1 736 1562 280 78
trn/positive_data/G0067056.bmp 2 1842 1432 180 36 2348 1420 134 24
trn/positive_data/G0067057.bmp 2 1772 1556 238 52 2460 1522 180 50
trn/positive_data/G0067062.bmp 3 1794 1352 120 20 1678 1392 58 24 2180 1350 46 18
trn/positive_data/G0067063.bmp 3 1468 1472 98 46 1708 1394 132 34 2190 1396 66 22
trn/positive_data/G0067064.bmp 2 1618 1512 208 46 2328 1508 110 36
trn/positive_data/G0067069.bmp 1 2414 1498 98 36
trn/positive_data/G0067075.bmp 4 1714 1492 376 46 2442 1412 184 34 1920 1384 168 36 2042 1348 108 54
trn/positive_data/G0067077.bmp 4 1586 1440 94 46 2012 1428 106 22 2374 1450 206 42 2360 1568 112 44
trn/positive_data/G0067078.bmp 4 1384 1588 266 86 2138 1548 186 48 2714 1586 296 98 2156 1256 104 12
trn/positive_data/G0067081.bmp 2 2870 1444 110 32 2270 1338 134 18
trn/positive_data/G0067082.bmp 2 3256 1590 172 52 2324 1382 174 32
trn/positive_data/G0067083.bmp 1 2406 1462 286 70
trn/positive_data/G0077364.bmp 1 1818 1284 56 12
trn/positive_data/G0077365.bmp 1 1816 1364 86 18
trn/positive_data/G0077366.bmp 1 1782 1570 166 58
trn/positive_data/G0077749.bmp 1 2190 1376 66 30
trn/positive_data/G0077750.bmp 1 2340 1510 92 34
trn/positive_data/G0077959.bmp 3 1556 1326 182 48 1874 1320 160 38 2124 1328 108 26
trn/positive_data/G0077960.bmp 3 2208 1376 198 52 1852 1368 204 64 1374 1386 288 74
trn/positive_data/G0077961.bmp 3 2342 1528 326 122 1792 1508 326 180 1040 1546 310 192
trn/positive_data/G0078038.bmp 1 1760 1312 96 24
trn/positive_data/G0078039.bmp 1 1362 1494 170 54
trn/positive_data/G0084384.bmp 1 1804 1414 52 20
trn/positive_data/G0084385.bmp 2 1796 1490 86 28 1956 1456 68 22
trn/positive_data/G0088140.bmp 2 1894 1328 98 26 2350 1510 130 52
trn/positive_data/G0088141.bmp 2 1882 1476 188 80 1720 1426 318 46
trn/positive_data/G0088174.bmp 2 2180 1358 104 42 2112 1328 46 8
trn/positive_data/G0088175.bmp 1 2440 1546 106 40
trn/positive_data/G0088186.bmp 1 1524 1464 56 24
trn/positive_data/G0088287.bmp 4 1424 1406 126 38 1042 1458 106 30 1800 1382 142 42 1540 1306 128 22
trn/positive_data/G0088288.bmp 3 1234 1468 176 62 1462 1318 170 28 1780 1430 172 68
trn/positive_data/G0088289.bmp 3 948 1614 258 104 1706 1580 216 82 1370 1368 208 38
trn/positive_data/G0088290.bmp 1 1242 1396 250 50
trn/positive_data/G0088291.bmp 1 1112 1460 284 56
trn/positive_data/G0088292.bmp 1 1004 1516 356 82
trn/positive_data/G0088293.bmp 1 902 1590 406 84
trn/positive_data/G0088435.bmp 3 1730 1350 178 46 2354 1294 120 28 2516 1334 114 24
trn/positive_data/G0088436.bmp 3 1972 1484 368 86 2780 1384 160 44 3046 1444 164 48
trn/positive_data/G0088597.bmp 1 1992 1288 68 20
trn/positive_data/G0088598.bmp 1 1906 1340 112 20
trn/positive_data/G0088599.bmp 1 1852 1516 206 70
trn/positive_data/G0088617.bmp 4 1520 1292 84 40 1790 1314 242 54 2254 1310 190 44 2564 1310 248 44
trn/positive_data/G0088618.bmp 4 1496 1346 138 26 1810 1370 312 56 2376 1358 248 64 2768 1362 288 48
trn/positive_data/G0088619.bmp 4 1488 1380 152 60 1876 1432 386 94 2590 1414 334 84 3086 1420 342 54
trn/positive_data/G0088620.bmp 3 1538 1456 210 80 2038 1558 520 156 2950 1538 500 138
trn/positive_data/G0088621.bmp 1 1548 1484 284 132
trn/positive_data/G0088746.bmp 1 2456 1310 128 34
trn/positive_data/G0088747.bmp 1 2702 1352 154 38
trn/positive_data/G0088772.bmp 1 2272 1360 94 18
trn/positive_data/G0088773.bmp 1 2086 1396 124 28
trn/positive_data/G0088774.bmp 1 1954 1458 160 44
trn/positive_data/G0088775.bmp 1 1816 1546 240 76
trn/positive_data/G0088795.bmp 5 1566 1246 120 22 2052 1326 126 20 2458 1286 186 34 2870 1350 82 26 3416 1396 62 16
trn/positive_data/G0088796.bmp 7 1422 1252 134 22 1894 1346 216 40 2414 1294 218 38 2456 1352 96 22 2902 1372 102 26 2982 1354 116 12 3518 1414 70 18
trn/positive_data/G0088797.bmp 7 1184 1270 146 26 1676 1382 252 42 2266 1304 250 40 2312 1374 146 40 2822 1396 126 30 2898 1370 134 18 3502 1434 96 34
trn/positive_data/G0088798.bmp 7 858 1300 158 28 1308 1428 328 70 2036 1318 258 50 2078 1408 162 34 2636 1418 150 34 2734 1384 144 18 3382 1442 100 26
trn/positive_data/G0088799.bmp 9 256 1434 132 22 508 1340 170 36 910 1480 372 120 1768 1330 288 48 1800 1432 182 52 2436 1428 176 44 2548 1384 140 32 3254 1434 100 38 3452 1382 90 22
trn/positive_data/G0088800.bmp 8 112 1398 192 32 1466 1356 310 78 1474 1488 202 58 332 1572 506 140 2206 1464 182 48 2294 1400 180 40 3086 1436 116 40 3278 1370 92 26
trn/positive_data/G0088801.bmp 9 36 1678 320 86 1102 1378 334 98 1048 1552 236 74 1886 1496 222 62 1948 1414 254 56 2624 1324 38 10 2876 1434 120 48 2980 1406 70 20 3050 1358 96 24
trn/positive_data/G0088802.bmp 7 522 1642 240 68 686 1424 352 80 1510 1548 246 58 1588 1446 290 70 2628 1454 138 52 2724 1408 82 30 2806 1354 90 22
trn/positive_data/G0088803.bmp 6 246 1464 376 122 1086 1618 310 64 1292 1474 254 86 2368 1468 158 72 2486 1420 82 32 2558 1358 106 24
trn/positive_data/G0088804.bmp 4 2 1536 192 120 842 1536 356 142 2134 1512 164 74 2250 1444 100 32
trn/positive_data/G0088805.bmp 4 472 1640 398 94 1894 1564 220 132 2046 1480 88 46 2148 1384 122 38
trn/positive_data/G0088806.bmp 2 1856 1546 126 54 1990 1426 128 42
trn/positive_data/G0088807.bmp 3 1104 1462 98 30 1664 1644 104 70 1818 1474 162 56
trn/positive_data/G0088808.bmp 4 812 1538 120 34 1632 1550 210 74 1826 1416 40 16 1592 1298 26 10
trn/positive_data/G0088812.bmp 2 1078 1418 44 18 2154 1358 160 76
trn/positive_data/G0088813.bmp 3 944 1464 60 20 2254 1392 212 108 2100 1296 38 14
trn/positive_data/G0088814.bmp 3 722 1544 86 36 2404 1464 330 166 2160 1318 48 10
trn/positive_data/G0088815.bmp 3 334 1690 128 58 2676 1578 166 60 2250 1338 62 16
trn/positive_data/G0088816.bmp 1 2364 1380 86 16
trn/positive_data/G0088817.bmp 2 2524 1446 106 30 2164 1296 96 14
trn/positive_data/G0088818.bmp 3 2784 1576 152 68 2310 1414 118 42 2200 1328 112 16
trn/positive_data/G0088819.bmp 3 2460 1512 194 68 2418 1464 108 30 2264 1360 124 30
trn/positive_data/G0088820.bmp 2 2712 1622 116 64 2378 1414 166 52
trn/positive_data/G0088821.bmp 2 2656 1550 292 116 1896 1278 46 10
trn/positive_data/G0088824.bmp 1 1934 1364 88 16
trn/positive_data/G0088825.bmp 3 1936 1422 116 32 1756 1256 48 6 1820 1264 36 8
trn/positive_data/G0088826.bmp 3 1938 1548 170 54 1726 1258 60 10 1800 1266 40 10
trn/positive_data/G0088827.bmp 2 1784 1280 48 8 1716 1262 50 12
trn/positive_data/G0088828.bmp 2 1764 1306 82 8 1700 1284 60 12
trn/positive_data/G0088829.bmp 4 1740 1346 104 12 1764 1336 40 10 1794 1320 72 12 1678 1316 80 12
trn/positive_data/G0088830.bmp 4 1706 1376 126 22 1736 1360 54 18 1774 1338 90 22 1642 1328 92 20
trn/positive_data/G0088831.bmp 4 1620 1448 172 44 1662 1420 88 32 1556 1368 130 30 1750 1388 86 24
trn/positive_data/G0088832.bmp 4 1398 1546 240 52 1480 1488 122 46 1546 1438 182 42 1374 1408 172 40
trn/positive_data/G0088833.bmp 3 1066 1512 238 74 1228 1614 166 46 1498 1436 136 34
trn/positive_data/G0088926.bmp 3 1322 1594 226 44 1558 1468 186 42 1102 1350 180 32
trn/positive_data/G0088927.bmp 2 1634 1580 252 76 1122 1364 244 50
trn/positive_data/G0088928.bmp 1 1156 1456 276 48
trn/positive_data/G0088929.bmp 1 1236 1548 404 72
trn/positive_data/G0088968.bmp 1 2322 1368 160 32
trn/positive_data/G0088969.bmp 1 2094 1456 296 44
trn/positive_data/G0088970.bmp 1 1860 1610 422 58
trn/positive_data/G0089105.bmp 1 1980 1308 144 30
trn/positive_data/G0089106.bmp 1 2084 1344 176 38
trn/positive_data/G0089107.bmp 1 2416 1392 242 70
trn/positive_data/G0089108.bmp 1 3040 1474 410 128
trn/positive_data/G0089161.bmp 2 1598 1316 64 14 2306 1330 126 18
trn/positive_data/G0089162.bmp 2 1272 1376 92 18 2156 1374 170 24
trn/positive_data/G0089163.bmp 2 786 1492 102 20 1880 1482 224 36
trn/positive_data/G0089164.bmp 1 1364 1614 336 68
trn/positive_data/G0089194.bmp 6 2540 1410 90 18 1732 1382 98 18 1548 1358 48 10 1892 1332 52 18 2026 1324 30 10 2106 1322 52 12
trn/positive_data/G0089195.bmp 9 3000 1536 148 40 1740 1486 164 38 1984 1498 190 28 1480 1414 84 28 1978 1374 86 30 2162 1358 48 12 2274 1352 70 16 1690 1338 56 8 1704 1316 62 12
trn/positive_data/G0089196.bmp 6 1348 1594 108 44 2526 1436 110 34 2388 1458 70 20 2136 1504 146 44 1700 1414 78 20 1740 1376 84 18
trn/positive_data/G0089197.bmp 6 1696 1554 126 40 1716 1464 168 40 2522 1518 82 28 2958 1588 204 60 2812 1636 128 46 2902 1556 68 26
trn/positive_data/G0089207.bmp 2 2210 1426 112 20 1910 1428 52 18
trn/positive_data/G0089208.bmp 3 1888 1578 106 32 2348 1574 182 36 2170 1612 166 52
trn/positive_data/G0089235.bmp 3 1662 1366 86 16 1896 1292 102 28 1436 1252 84 18
trn/positive_data/G0089236.bmp 4 1582 1430 112 26 1858 1320 164 38 2346 1290 44 8 1368 1254 96 24
trn/positive_data/G0089237.bmp 5 1422 1548 176 44 1820 1356 236 58 1292 1266 112 32 2424 1312 50 12 2232 1276 76 14
trn/positive_data/G0089238.bmp 4 1764 1422 352 100 2524 1350 70 18 2268 1300 140 22 1196 1284 132 32
trn/positive_data/G0089239.bmp 4 1708 1506 478 204 2654 1386 86 18 2344 1318 86 26 1070 1308 136 38
trn/positive_data/G0089240.bmp 3 900 1362 162 48 2816 1482 126 40 2362 1380 156 28
trn/positive_data/G0089241.bmp 3 3066 1574 190 66 726 1404 150 50 2468 1420 176 38
trn/positive_data/G0089242.bmp 3 470 1476 194 72 2606 1468 202 46 3532 1702 108 50
trn/positive_data/G0089243.bmp 2 242 1556 216 78 2746 1546 246 80
trn/positive_data/G0089298.bmp 2 1368 1324 42 14 1476 1310 48 12
trn/positive_data/G0089299.bmp 2 896 1472 66 20 1156 1422 64 10
trn/positive_data/G0089302.bmp 1 668 1550 250 86
trn/positive_data/G0089360.bmp 4 2702 1456 90 30 2608 1406 32 10 2476 1346 48 12 2306 1266 46 12
trn/positive_data/G0089361.bmp 4 3140 1640 174 84 2868 1516 54 30 2548 1384 104 26 2286 1270 66 16
trn/positive_data/G0089362.bmp 2 2860 1516 192 52 2336 1290 80 28
trn/positive_data/G0089363.bmp 1 2410 1324 116 40
trn/positive_data/G0089364.bmp 1 2558 1428 194 50
trn/positive_data/G0089432.bmp 1 1790 1348 98 18
trn/positive_data/G0089433.bmp 1 1632 1386 120 24
trn/positive_data/G0089434.bmp 1 1354 1476 154 46
trn/positive_data/G0089515.bmp 1 1988 1238 46 10
trn/positive_data/G0089516.bmp 1 2016 1286 74 6
trn/positive_data/G0089517.bmp 1 2092 1354 126 28
trn/positive_data/G0089518.bmp 1 1974 1288 124 20
trn/positive_data/G0089519.bmp 1 2024 1398 238 52
trn/positive_data/G0089520.bmp 1 1544 1472 102 30
trn/positive_data/G0089753.bmp 1 2062 1314 48 16
trn/positive_data/G0089754.bmp 1 1938 1346 64 22
trn/positive_data/G0089755.bmp 1 1880 1408 96 34
trn/positive_data/G0089756.bmp 1 1792 1544 156 98
trn/positive_data/G0089823.bmp 9 1204 1626 198 52 1230 1556 446 52 1504 1510 176 28 1772 1454 156 38 1898 1440 298 28 3010 1520 148 34 2928 1432 106 30 3090 1400 128 26 2832 1342 56 14
trn/positive_data/G0089824.bmp 14 1174 1622 244 74 664 1610 290 88 1518 1540 226 60 1730 1482 352 84 1582 1502 142 40 1434 1458 206 38 1812 1412 110 24 1974 1428 122 22 2328 1354 112 28 2996 1482 148 58 3156 1440 146 40 3174 1636 296 70 2900 1334 54 16 2810 1360 76 16
trn/positive_data/G0089825.bmp 11 1166 1618 780 100 674 1636 244 76 1022 1556 318 64 1580 1470 246 44 1804 1504 132 30 2220 1604 106 54 3122 1594 198 68 3264 1508 166 44 2220 1388 138 40 2790 1394 78 20 2866 1356 66 18
trn/positive_data/G0089826.bmp 7 756 1600 198 40 1242 1596 330 80 1528 1656 192 54 3408 1628 238 82 2102 1474 168 56 2760 1474 108 26 2848 1422 76 22
trn/positive_data/G0089827.bmp 4 1776 1598 120 68 1964 1512 210 86 2792 1492 146 52 2860 1418 90 30
trn/positive_data/G0089828.bmp 4 1574 1612 138 50 2896 1616 168 84 2912 1494 116 34 2094 1410 76 24
trn/positive_data/G0089829.bmp 3 2996 1602 190 62 1900 1468 180 52 2538 1322 236 20
trn/positive_data/G0089830.bmp 4 1588 1580 240 98 2890 1418 80 28 2406 1344 260 30 2178 1282 76 14
trn/positive_data/G0089831.bmp 12 2898 1492 118 34 2276 1410 128 28 2406 1396 70 18 2482 1388 108 14 2162 1368 34 10 2000 1316 94 14 2852 1488 158 42 2286 1408 122 34 2404 1396 90 22 2486 1386 94 14 2162 1366 38 12 2006 1316 76 14
trn/positive_data/G0089832.bmp 7 3032 1558 220 78 2250 1442 172 42 2398 1418 106 26 2540 1402 100 26 2154 1406 86 28 2092 1378 44 14 1892 1310 134 18
trn/positive_data/G0089833.bmp 9 2310 1566 236 84 2492 1528 156 38 2650 1492 122 38 2164 1504 118 44 2088 1454 78 30 1838 1362 158 24 1056 1344 62 20 1424 1280 30 10 928 1292 60 12
trn/positive_data/G0089834.bmp 7 2914 1624 238 78 2216 1562 120 38 1868 1402 202 36 968 1362 80 28 1426 1290 34 10 1278 1294 38 12 880 1296 74 16
trn/positive_data/G0089835.bmp 6 2622 1642 206 52 2044 1520 300 82 954 1442 94 24 1512 1344 42 10 1350 1350 40 10 922 1342 76 18
trn/positive_data/G0089836.bmp 7 2474 1594 148 56 888 1452 142 84 964 1318 104 26 1752 1398 74 18 1634 1330 74 18 1448 1336 52 14 2474 1596 152 52
trn/positive_data/G0089837.bmp 5 848 1556 184 94 1066 1356 108 34 2000 1488 76 24 1800 1378 120 24 1614 1386 64 18
trn/positive_data/G0089838.bmp 7 1112 1306 68 14 1200 1374 146 42 1574 1390 48 16 1864 1442 108 20 2096 1432 166 34 2434 1642 100 36 1764 1338 64 12
trn/positive_data/G0089839.bmp 6 2540 1512 244 76 2232 1528 174 50 1836 1442 62 24 1348 1414 186 50 1304 1312 74 18 2052 1362 78 20
trn/positive_data/G0089840.bmp 4 2194 1570 72 38 2426 1430 104 34 1510 1492 260 96 1512 1340 82 20
trn/positive_data/G0089841.bmp 3 1670 1382 126 22 2884 1542 186 52 2966 1502 116 48
trn/positive_data/G0089842.bmp 1 1838 1460 168 36
trn/positive_data/G0089843.bmp 1 2004 1578 324 94
trn/positive_data/G0089848.bmp 1 2138 1382 96 22
trn/positive_data/G0089849.bmp 1 2230 1490 154 54
trn/positive_data/G0089858.bmp 2 2124 1418 162 38 2102 1346 126 34
trn/positive_data/G0089859.bmp 2 2234 1586 314 70 2228 1436 126 42
trn/positive_data/G0089865.bmp 4 2364 1360 78 18 2402 1336 24 16 2454 1322 66 10 3308 1342 160 32
trn/positive_data/G0089866.bmp 4 2404 1390 98 24 2436 1360 24 16 2490 1340 74 14 3398 1362 180 32
trn/positive_data/G0089867.bmp 4 2462 1408 120 24 2494 1372 60 18 2548 1348 74 14 3518 1368 156 42
trn/positive_data/G0089868.bmp 3 2518 1428 134 30 2546 1386 54 20 2602 1358 78 18
trn/positive_data/G0089869.bmp 3 2572 1454 140 30 2596 1404 60 24 2648 1376 84 16
trn/positive_data/G0089870.bmp 3 2644 1498 150 40 2664 1442 64 28 2712 1404 82 24
trn/positive_data/G0089871.bmp 3 2792 1564 170 52 2788 1494 68 34 2832 1444 100 32
trn/positive_data/G0089872.bmp 3 3132 1700 208 52 3056 1578 112 54 3070 1508 114 34
trn/positive_data/G0089878.bmp 1 2270 1334 64 14
trn/positive_data/G0089879.bmp 1 2322 1398 118 30
trn/positive_data/G0089880.bmp 1 2484 1476 178 62
trn/positive_data/G0089927.bmp 1 1868 1282 72 16
trn/positive_data/G0089928.bmp 1 1920 1320 98 20
trn/positive_data/G0089929.bmp 1 2062 1362 134 30
trn/positive_data/G0089930.bmp 1 3144 1500 256 76
trn/positive_data/G0090163.bmp 1 1590 1354 98 28
trn/positive_data/G0090164.bmp 1 1580 1398 118 24
trn/positive_data/G0090165.bmp 1 1510 1460 148 36
trn/positive_data/G0090166.bmp 1 1334 1586 210 56
trn/positive_data/G0090183.bmp 7 1404 1604 192 36 2210 1502 260 58 1778 1470 124 30 2004 1406 76 18 2760 1408 90 22 2736 1466 58 16 2524 1448 150 26
trn/positive_data/G0090184.bmp 6 1696 1422 70 14 1904 1534 282 68 2504 1410 92 24 1424 1498 132 40 2480 1478 58 18 2248 1464 168 24
trn/positive_data/G0090185.bmp 6 1520 1614 376 78 1038 1578 160 46 1386 1472 84 16 1988 1506 184 32 2276 1436 102 24 2248 1524 64 18
trn/positive_data/G0090186.bmp 2 968 1532 100 28 2010 1464 122 24
trn/positive_data/G0090187.bmp 3 418 1624 178 46 1396 1654 114 28 1796 1518 160 44
trn/positive_data/G0090200.bmp 3 2392 1420 226 32 2542 1396 56 16 3142 1532 110 36
trn/positive_data/G0090201.bmp 4 3366 1640 154 50 2424 1486 256 46 2374 1620 188 54 2134 1454 252 48
trn/positive_data/G0090202.bmp 2 2428 1586 368 58 2018 1446 262 66
trn/positive_data/G0090206.bmp 7 1308 1474 198 34 1362 1438 170 32 2530 1440 156 44 2556 1396 114 20 2232 1354 68 16 2202 1334 92 16 2142 1300 50 12
trn/positive_data/G0090207.bmp 8 2696 1512 202 60 1052 1576 256 66 1168 1522 216 34 2674 1442 148 28 2514 1390 140 26 2260 1378 96 24 2226 1354 100 18 1584 1334 58 16
trn/positive_data/G0090208.bmp 6 1750 1436 252 42 2370 1444 112 30 2684 1464 182 34 2296 1406 146 30 2186 1362 74 18 2204 1340 70 20
trn/positive_data/G0090209.bmp 8 3044 1588 220 58 2594 1550 144 60 2454 1486 184 40 1706 1518 370 86 2226 1412 172 38 1474 1418 304 40 1894 1306 56 12 1962 1282 58 12
trn/positive_data/G0090210.bmp 6 2758 1630 272 66 1390 1496 402 86 1540 1432 330 58 2398 1508 240 54 2444 1452 134 30 970 1540 152 34
trn/positive_data/G0090211.bmp 8 2692 1546 238 78 1200 1634 472 108 1558 1500 376 88 2004 1362 88 18 2358 1376 56 14 2234 1330 46 10 2090 1316 74 8 2050 1292 74 12
trn/positive_data/G0090212.bmp 7 1050 1610 210 66 2100 1430 128 26 2568 1456 80 22 2376 1378 78 22 2190 1358 102 20 2142 1324 92 14 1436 1316 162 16
trn/positive_data/G0090213.bmp 6 2262 1534 186 52 2880 1584 152 52 2590 1444 126 32 2362 1412 110 14 2252 1356 116 18 1560 1340 48 10
trn/positive_data/G0090214.bmp 4 2602 1488 144 26 2406 1388 162 32 2658 1398 112 38 1310 1398 44 14
trn/positive_data/G0090215.bmp 6 2598 1504 220 58 2232 1456 280 38 1090 1498 154 36 1162 1454 156 32 1316 1432 188 26 2184 1358 138 18
trn/positive_data/G0090216.bmp 8 2364 1588 422 94 2320 1448 184 48 2248 1404 222 34 2056 1414 116 24 1016 1550 270 62 766 1606 284 56 1794 1342 56 10 2046 1306 42 10
trn/positive_data/G0090217.bmp 4 2500 1588 264 92 2328 1500 324 74 2066 1516 174 48 2024 1332 72 14
trn/positive_data/G0090218.bmp 6 1394 1448 144 32 1588 1466 110 24 2734 1588 116 46 2756 1460 100 28 2000 1378 92 14 2002 1282 60 8
trn/positive_data/G0090219.bmp 6 1346 1634 162 56 1084 1594 206 76 1238 1510 84 30 1982 1454 116 42 2472 1586 124 44 1958 1306 76 10
trn/positive_data/G0090220.bmp 3 1954 1596 184 92 1402 1418 202 32 1932 1330 94 12
trn/positive_data/G0090221.bmp 3 1176 1516 308 52 1086 1432 300 40 1914 1370 124 24
trn/positive_data/G0090222.bmp 5 738 1550 434 70 1800 1440 276 74 2134 1476 192 40 2198 1450 106 30 2352 1438 198 56
trn/positive_data/G0090223.bmp 5 1982 1604 248 58 1766 1646 228 66 2380 1602 180 52 2602 1566 362 132 2192 1252 76 10
trn/positive_data/G0090227.bmp 3 2356 1310 168 16 1576 1394 220 28 1566 1370 76 22
trn/positive_data/G0090228.bmp 4 1300 1456 284 48 1294 1434 104 24 2252 1322 196 24 1736 1336 168 18
trn/positive_data/G0090229.bmp 4 936 1520 146 48 1366 1504 126 30 902 1568 380 90 2160 1356 224 34
trn/positive_data/G0090230.bmp 4 450 1674 196 62 1024 1634 162 48 1338 1430 230 36 2070 1392 262 52
trn/positive_data/G0090231.bmp 3 2056 1424 324 80 1150 1486 292 58 1718 1446 176 28
trn/positive_data/G0090232.bmp 3 2206 1484 400 112 1040 1574 380 84 1778 1468 310 86
trn/positive_data/G0090246.bmp 1 994 1514 244 82
trn/positive_data/G0090264.bmp 1 1774 1314 92 26
trn/positive_data/G0090265.bmp 1 1864 1352 348 36
trn/positive_data/G0090266.bmp 1 1974 1394 456 46
trn/positive_data/G0090267.bmp 1 2146 1452 584 74
trn/positive_data/G0090296.bmp 1 1892 1388 96 22
trn/positive_data/G0090297.bmp 2 1648 1454 118 38 1924 1300 46 12
trn/positive_data/G0090298.bmp 2 1322 1600 166 58 1756 1334 102 18
trn/positive_data/G0090299.bmp 2 978 1512 156 56 1612 1348 112 24
trn/positive_data/G0090300.bmp 2 1460 1398 154 36 1668 1396 144 38
trn/positive_data/G0090301.bmp 2 1224 1492 222 56 1504 1494 218 60
trn/positive_data/G0090306.bmp 1 2138 1332 78 24
trn/positive_data/G0090307.bmp 1 2226 1386 132 44
trn/positive_data/G0090308.bmp 1 2486 1536 184 64
trn/positive_data/G0090314.bmp 3 3358 1432 112 34 2694 1376 94 20 852 1464 240 70
trn/positive_data/G0090315.bmp 4 1082 1484 322 88 750 1504 130 32 1206 1416 104 38 3320 1436 120 36
trn/positive_data/G0090316.bmp 3 1308 1574 400 126 1494 1456 130 48 888 1564 182 40
trn/positive_data/G0090339.bmp 1 2234 1350 374 74
trn/positive_data/G0090340.bmp 2 2670 1488 268 64 2372 1400 332 100
trn/positive_data/G0090352.bmp 2 2306 1392 84 24 1908 1454 96 28
trn/positive_data/G0090353.bmp 2 2196 1592 168 54 2704 1480 122 38
trn/positive_data/G0090361.bmp 3 2024 1298 56 20 2072 1300 40 10 2806 1352 42 16
trn/positive_data/G0090362.bmp 1 2054 1336 116 30
trn/positive_data/G0090363.bmp 1 2106 1414 174 44
trn/positive_data/G0090364.bmp 1 2272 1584 284 90
trn/positive_data/G0090374.bmp 1 2400 1382 112 32
trn/positive_data/G0090375.bmp 1 2776 1516 160 50
trn/positive_data/G0090380.bmp 3 2892 1430 108 26 2202 1462 78 28 1174 1292 86 14
trn/positive_data/G0090381.bmp 4 936 1328 102 22 3352 1578 186 64 1810 1300 48 16 2038 1250 62 12
trn/positive_data/G0090382.bmp 3 606 1382 134 38 1732 1336 62 20 2016 1258 74 14
trn/positive_data/G0090383.bmp 3 138 1472 176 54 1628 1416 84 34 2020 1288 90 16
trn/positive_data/G0090384.bmp 5 1436 1562 156 78 2034 1318 126 22 1876 1292 64 16 1824 1274 54 12 2322 1266 42 10
trn/positive_data/G0090385.bmp 4 2084 1372 182 32 1896 1328 66 18 1830 1298 62 16 2424 1290 40 12
trn/positive_data/G0090386.bmp 4 2198 1470 236 60 1904 1390 102 22 1836 1336 88 18 2546 1322 44 14
trn/positive_data/G0090387.bmp 4 1908 1508 154 36 1804 1400 116 34 2176 1388 64 22 2710 1368 70 18
trn/positive_data/G0090388.bmp 3 1764 1506 200 58 2308 1490 88 36 2970 1436 112 32
trn/positive_data/G0090389.bmp 4 3390 1568 172 56 2436 1368 106 18 2124 1322 64 14 1836 1324 46 10
trn/positive_data/G0090390.bmp 3 1816 1368 64 12 2186 1364 82 22 2618 1430 126 26
trn/positive_data/G0090391.bmp 3 2904 1572 188 58 2248 1448 140 34 1758 1456 98 20
trn/positive_data/G0090392.bmp 2 1678 1584 136 38 2396 1580 188 66
trn/positive_data/G0090431.bmp 3 2496 1374 110 28 2710 1386 58 18 3070 1348 100 20
trn/positive_data/G0090432.bmp 3 2214 1408 134 24 2462 1408 86 28 2832 1344 122 20
trn/positive_data/G0090433.bmp 3 2040 1480 178 40 2368 1476 110 42 2774 1370 132 24
trn/positive_data/G0090434.bmp 3 1966 1606 240 80 2428 1616 152 56 2862 1418 158 32
trn/positive_data/G0090452.bmp 3 2410 1376 88 20 2330 1380 46 14 1846 1300 50 10
trn/positive_data/G0090453.bmp 3 2638 1484 150 34 2536 1498 62 20 1822 1346 74 12
trn/positive_data/G0090454.bmp 1 1806 1424 84 16
trn/positive_data/G0090455.bmp 1 1766 1502 128 34
trn/positive_data/G0090471.bmp 2 2254 1290 50 10 2012 1248 36 10
trn/positive_data/G0090472.bmp 2 2412 1392 70 14 2040 1312 54 16
trn/positive_data/G0090473.bmp 2 2840 1574 130 44 2110 1370 82 26
trn/positive_data/G0090474.bmp 1 2318 1562 160 66
trn/positive_data/G0090566.bmp 1 1894 1302 60 18
trn/positive_data/G0090567.bmp 1 1876 1354 88 18
trn/positive_data/G0090568.bmp 1 1858 1462 134 38
trn/positive_data/G0094401.bmp 1 1936 1442 60 12
trn/positive_data/G0094402.bmp 1 2156 1542 122 16
trn/positive_data/G0104410.bmp 1 2090 1510 74 24
trn/positive_data/G0114438.bmp 1 1804 1374 102 20
trn/positive_data/G0114439.bmp 1 1606 1484 170 28
trn/positive_data/G0124451.bmp 4 1936 1438 168 52 1828 1450 86 24 1838 1430 74 22 1640 1432 172 40
trn/positive_data/G0124452.bmp 4 1942 1528 260 96 1804 1556 104 50 1832 1510 90 44 1636 1540 144 40
trn/positive_data/G0134474.bmp 1 2128 1422 50 16
trn/positive_data/G0134475.bmp 1 2348 1596 110 36
trn/positive_data/G0134493.bmp 1 1886 1380 44 12
trn/positive_data/G0134494.bmp 1 1860 1436 62 14
trn/positive_data/G0134495.bmp 1 1796 1692 148 44
trn/positive_data/G0134507.bmp 3 2484 1604 68 26 2636 1508 62 22 2078 1356 36 14
trn/positive_data/G0134508.bmp 1 2220 1412 56 12
trn/positive_data/G0134509.bmp 1 2602 1516 88 14
trn/positive_data/G0134510.bmp 1 3208 1698 122 20
trn/positive_data/G0134565.bmp 2 2300 1564 56 18 1538 1570 72 16
trn/positive_data/G0134566.bmp 1 1354 1726 110 36
trn/positive_data/G0134597.bmp 1 1992 1524 52 20
trn/positive_data/G0134598.bmp 1 1826 1568 88 28
trn/positive_data/G0134626.bmp 3 2118 1554 98 32 2226 1494 90 40 2162 1422 64 12
trn/positive_data/G0134627.bmp 2 2288 1576 158 80 2192 1466 88 18
trn/positive_data/G0134628.bmp 1 2244 1534 114 30
trn/positive_data/G0134677.bmp 4 1322 1430 52 12 798 1488 82 18 712 1470 52 14 670 1374 36 14
trn/positive_data/G0134678.bmp 4 1066 1522 122 36 1768 1466 74 12 978 1484 70 20 1012 1352 66 16
trn/positive_data/G0134679.bmp 5 2414 1516 96 24 1512 1568 158 50 1584 1400 64 14 1606 1424 64 18 1486 1324 70 20
trn/positive_data/G0144757.bmp 3 2336 1548 64 22 1924 1632 128 54 1918 1512 50 14
trn/positive_data/G0144759.bmp 4 2402 1658 88 34 2280 1564 68 16 1904 1514 66 24 1900 1444 60 12
trn/positive_data/G0144760.bmp 2 1944 1660 118 44 1930 1496 36 18
trn/positive_data/G0154847.bmp 3 2056 1666 194 34 968 1486 80 22 874 1432 84 18
trn/positive_data/G0154848.bmp 2 1136 1504 62 20 1012 1438 92 30
trn/positive_data/G0154849.bmp 2 1346 1568 80 22 1234 1480 90 26
trn/positive_data/G0154850.bmp 1 1158 1636 148 52
trn/positive_data/G0174869.bmp 2 1500 1412 44 12 1452 1390 42 16
trn/positive_data/G0174870.bmp 2 1486 1434 40 12 1434 1402 46 14
trn/positive_data/G0174871.bmp 2 1480 1506 50 14 1438 1454 50 18
trn/positive_data/G0194903.bmp 1 2034 1406 46 22
trn/positive_data/G0194904.bmp 1 2076 1468 72 36
trn/positive_data/G0204934.bmp 1 1872 1452 138 26
trn/positive_data/G0204935.bmp 1 1816 1486 172 40
trn/positive_data/G0214943.bmp 1 1790 1366 70 16
trn/positive_data/G0214944.bmp 1 1478 1412 80 22
trn/positive_data/G0214945.bmp 1 1476 1482 112 26
trn/positive_data/G0214946.bmp 1 1680 1576 150 52
trn/positive_data/G0214947.bmp 1 1340 1400 58 16
trn/positive_data/G0214948.bmp 1 1620 1436 82 16
trn/positive_data/G0214949.bmp 2 1778 1482 80 26 1778 1482 80 24
trn/positive_data/G0214950.bmp 1 1644 1568 128 38
trn/positive_data/G0214969.bmp 3 2952 1432 88 20 1784 1332 52 14 1780 1272 38 10
trn/positive_data/G0214970.bmp 3 3162 1602 60 24 1714 1500 72 18 1718 1426 50 10
trn/positive_data/G0214971.bmp 3 3448 1698 144 46 1650 1510 72 24 1654 1386 88 16
trn/positive_data/G0214972.bmp 2 1494 1616 122 36 1588 1408 92 18
trn/positive_data/G0214973.bmp 1 1526 1426 108 18
trn/positive_data/G0214974.bmp 1 1448 1482 138 34
trn/positive_data/G0214994.bmp 1 1576 1300 54 10
trn/positive_data/G0214995.bmp 1 1494 1330 74 14
trn/positive_data/G0214996.bmp 1 1504 1358 78 18
trn/positive_data/G0214997.bmp 3 1596 1398 94 16 1260 1358 50 12 1282 1322 34 12
trn/positive_data/G0214998.bmp 3 1780 1468 130 24 1372 1396 68 16 1408 1348 48 16
trn/positive_data/G0214999.bmp 3 2038 1580 156 36 1494 1458 98 20 1558 1382 60 18
trn/positive_data/G0215000.bmp 3 1672 1554 136 28 1752 1430 110 30 732 1380 56 18
trn/positive_data/G0215001.bmp 2 2092 1530 132 44 836 1406 78 24
trn/positive_data/G0215002.bmp 1 742 1420 102 32
trn/positive_data/G0215003.bmp 2 458 1514 106 36 326 1346 52 14
trn/positive_data/G0215018.bmp 2 1574 1458 94 28 3326 1664 206 60
trn/positive_data/G0215019.bmp 2 1768 1438 72 16 3330 1634 188 58
trn/positive_data/G0215020.bmp 3 894 1632 100 24 1882 1412 62 16 3284 1602 174 50
trn/positive_data/G0215021.bmp 3 1136 1544 92 20 114 1490 52 20 1952 1382 56 20
trn/positive_data/G0215022.bmp 2 28 1426 106 26 1188 1460 62 16
trn/positive_data/G0215023.bmp 2 1204 1460 74 16 114 1446 110 22
trn/positive_data/G0215024.bmp 2 1234 1448 56 18 158 1432 108 24
trn/positive_data/G0215026.bmp 2 126 1436 98 22 1202 1450 54 14
trn/positive_data/G0215027.bmp 2 102 1476 54 14 1038 1478 72 18
trn/positive_data/G0215028.bmp 2 752 1546 84 20 1602 1380 58 14
trn/positive_data/G0215029.bmp 1 1510 1450 72 16
trn/positive_data/G0215030.bmp 1 1416 1486 86 24
trn/positive_data/G0215073.bmp 1 1248 1364 40 16
trn/positive_data/G0215074.bmp 1 1222 1376 40 14
trn/positive_data/G0215075.bmp 1 1380 1448 68 22
trn/positive_data/G0225125.bmp 1 1960 1322 28 10
trn/positive_data/G0225126.bmp 1 1986 1374 42 12
trn/positive_data/G0225127.bmp 2 2074 1458 80 20 3022 1362 52 14
trn/positive_data/G0225129.bmp 1 2090 1318 48 12
trn/positive_data/G0225130.bmp 3 2504 1442 122 32 2324 1382 86 22 2130 1374 62 14
trn/positive_data/G0225131.bmp 3 2900 1606 174 44 2532 1474 82 24 2242 1444 76 20
trn/positive_data/G0225132.bmp 2 2510 1638 138 54 3008 1710 172 50
trn/positive_data/G0225134.bmp 1 3180 1518 78 24
trn/positive_data/G0225234.bmp 4 686 1386 86 18 1988 1306 46 10 558 1536 126 56 1230 1440 58 18
trn/positive_data/G0225235.bmp 3 182 1490 108 32 780 1608 106 40 1984 1320 46 12
trn/positive_data/G0225236.bmp 4 742 1432 134 28 942 1368 74 20 1986 1372 72 14 1820 1356 58 18
trn/positive_data/G0225237.bmp 4 2048 1440 82 20 1818 1406 78 28 246 1560 180 50 626 1438 112 32
trn/positive_data/G0225238.bmp 5 0 1582 122 60 2178 1588 134 48 1708 1556 76 44 1798 1526 118 44 1740 1422 110 22
trn/positive_data/G0225239.bmp 1 1646 1588 168 58
trn/positive_data/G0235260.bmp 1 1866 1284 14 2
trn/positive_data/G0235261.bmp 1 1894 1294 24 8
trn/positive_data/G0235262.bmp 1 1894 1314 22 10
trn/positive_data/G0235263.bmp 1 1872 1352 52 14
trn/positive_data/G0235264.bmp 1 1860 1454 72 20
trn/positive_data/G0285383.bmp 2 1932 1420 40 12 1816 1408 36 10
trn/positive_data/G0285386.bmp 2 1974 1512 74 20 1780 1488 56 16
trn/positive_data/G0325471.bmp 1 2042 1372 34 10
trn/positive_data/G0325472.bmp 1 2092 1404 56 12
trn/positive_data/G0325473.bmp 1 2224 1494 68 14
trn/positive_data/G0325474.bmp 1 3002 1696 102 32
trn/positive_data/G0335487.bmp 1 2054 1374 30 12
trn/positive_data/G0335488.bmp 1 2086 1390 30 8
trn/positive_data/G0335489.bmp 1 2122 1420 42 12
trn/positive_data/G0335490.bmp 1 2178 1478 44 16
trn/positive_data/G0335491.bmp 2 2296 1578 76 24 2548 1416 38 10
trn/positive_data/G0335492.bmp 1 2706 1436 36 8
trn/positive_data/G0335493.bmp 1 2964 1486 56 10
trn/positive_data/G0335494.bmp 1 3458 1612 82 26
trn/positive_data/G0345520.bmp 1 1614 1346 34 12
trn/positive_data/G0345521.bmp 1 1536 1374 32 10
trn/positive_data/G0345522.bmp 1 1410 1418 54 12
trn/positive_data/G0345523.bmp 1 1174 1468 82 22
trn/positive_data/G0345524.bmp 2 686 1632 132 42 2154 1402 32 8
trn/positive_data/G0365563.bmp 1 2264 1418 188 42
trn/positive_data/G0365564.bmp 1 2344 1450 254 64
trn/positive_data/G0365565.bmp 1 2406 1528 348 120
trn/positive_data/G0385604.bmp 1 2222 1310 74 34
