tst/G0010033.bmp 6 1990 1406 66 14 1464 1442 92 16 1108 1450 54 16 558 1434 102 16 338 1450 72 18 262 1450 58 22
tst/G0010034.bmp 5 1804 1424 90 16 1192 1484 110 16 782 1502 74 16 566 1494 106 22 210 1484 104 22
tst/G0010035.bmp 4 1590 1452 106 24 840 1544 132 28 368 1584 96 22 136 1576 138 30
tst/G0010036.bmp 3 1322 1516 134 28 362 1658 156 38 1744 1522 58 16
tst/G0010037.bmp 2 884 1638 190 52 1428 1654 98 26
tst/G0010109.bmp 2 1984 1346 42 16 1894 1330 48 10
tst/G0010110.bmp 2 2002 1370 58 18 1896 1342 50 16
tst/G0010111.bmp 7 2022 1434 76 22 1880 1384 60 12 1900 1358 54 14 1958 1348 72 16 2088 1326 50 16 2034 1314 46 12 2050 1300 38 6
tst/G0010112.bmp 9 1922 1530 252 80 1844 1424 86 26 1862 1390 94 16 1938 1370 100 18 2102 1340 78 16 2028 1326 60 16 2054 1304 46 12 1982 1304 42 8 1934 1298 28 6
tst/G0010113.bmp 8 1790 1526 124 38 1878 1456 68 24 1936 1424 110 24 2140 1378 86 18 2044 1356 68 20 2068 1322 42 10 1986 1326 48 10 1926 1316 32 8
tst/G0010114.bmp 8 1722 1746 156 20 1832 1570 110 28 1928 1502 162 44 2190 1414 108 28 2054 1388 96 24 2090 1336 44 8 1992 1340 46 12 1924 1326 38 12
tst/G0010115.bmp 6 1932 1676 286 88 2310 1488 146 32 2114 1434 116 36 2136 1354 50 10 2018 1360 66 16 1942 1342 38 12
tst/G0010116.bmp 8 2572 1642 254 74 2226 1558 180 42 2412 1544 114 34 2238 1524 180 30 2078 1394 84 22 2222 1408 48 12 2224 1386 68 16 1976 1368 58 12
tst/G0010117.bmp 8 1952 1630 166 42 2114 1452 116 22 2290 1444 102 18 2310 1476 64 16 1984 1406 72 16 2128 1380 36 8 2366 1554 56 20 2014 1306 26 6
tst/G0010118.bmp 8 2066 1520 156 48 2310 1508 136 30 2346 1570 94 28 1880 1438 104 22 2068 1400 44 10 2074 1426 40 12 1924 1318 26 10 1928 1300 28 10
tst/G0010119.bmp 6 1996 1690 248 76 2370 1644 206 66 1746 1514 138 40 2000 1448 48 12 1828 1336 26 6 1840 1310 20 8
tst/G0010120.bmp 5 1604 1668 216 88 1986 1530 74 22 2010 1616 74 40 1788 1354 28 8 1802 1324 30 6
tst/G0010121.bmp 3 2148 1690 110 46 1866 1370 32 10 1884 1330 32 8
tst/G0010122.bmp 2 1960 1396 48 14 1982 1342 36 10
tst/G0010123.bmp 2 1932 1440 64 20 1954 1364 42 12
tst/G0010124.bmp 2 1876 1508 92 30 1916 1390 48 12
tst/G0010125.bmp 2 1796 1626 136 64 1868 1418 60 18
tst/G0010126.bmp 1 1840 1464 76 26
tst/G0010127.bmp 1 1818 1552 110 34
tst/G0010128.bmp 3 1760 1720 174 48 1854 1510 66 22 2344 1522 52 18
tst/G0010129.bmp 2 1794 1632 102 40 2542 1658 74 22
tst/G0010131.bmp 1 1978 1412 68 20
tst/G0010132.bmp 1 1920 1472 120 24
tst/G0010133.bmp 1 1886 1584 180 52
tst/G0010139.bmp 1 2008 1530 108 28
tst/G0010144.bmp 1 1834 1596 98 38
tst/G0010147.bmp 1 1660 1482 40 14
tst/G0010148.bmp 6 1464 1632 68 36 1978 1372 58 12 1978 1348 36 10 1744 1372 26 6 1784 1406 48 8 1738 1356 30 8
tst/G0010149.bmp 9 1982 1422 74 10 1986 1380 42 8 1946 1434 46 10 1728 1476 58 12 1688 1416 38 8 1730 1396 54 8 1692 1390 28 12 1720 1378 28 12 1752 1374 30 10
tst/G0010150.bmp 10 1598 1604 90 28 1940 1518 70 16 1994 1494 104 18 1994 1418 56 14 1980 1406 42 10 1592 1476 56 14 1658 1442 52 10 1610 1432 40 14 1660 1416 36 10 1696 1408 48 10
tst/G0010151.bmp 10 1936 1730 118 28 2010 1660 180 34 2010 1492 76 14 1986 1470 56 12 1410 1596 94 24 1536 1520 96 26 1478 1506 70 22 1554 1476 62 18 1608 1464 62 16 1516 1426 50 16
tst/G0010152.bmp 8 1296 1692 140 40 1232 1654 104 30 1378 1588 106 22 1462 1560 102 28 1576 1536 60 16 1362 1486 78 24 1994 1580 92 34 2034 1632 130 44
tst/G0010153.bmp 5 1138 1576 108 40 1192 1742 164 28 1382 1696 52 18 1674 1506 62 12 1708 1418 54 10
tst/G0011603.bmp 1 1872 1586 134 40
tst/G0011609.bmp 1 1600 1492 46 16
tst/G0011610.bmp 1 1354 1658 94 28
tst/G0011612.bmp 1 2018 1378 46 10
tst/G0011613.bmp 1 2048 1406 48 12
tst/G0011614.bmp 1 2098 1440 92 22
tst/G0011615.bmp 3 2226 1528 140 38 2148 1472 64 18 2106 1454 46 10
tst/G0011616.bmp 2 2356 1620 124 34 2274 1560 64 16
tst/G0011618.bmp 1 1730 1398 72 12
tst/G0011619.bmp 1 1668 1432 104 20
tst/G0011620.bmp 1 1564 1490 154 26
tst/G0011621.bmp 1 1384 1586 230 54
tst/G0011635.bmp 1 2004 1440 62 18
tst/G0011636.bmp 1 2060 1508 94 24
tst/G0011637.bmp 1 2252 1704 184 62
tst/G0011641.bmp 1 2004 1420 60 16
tst/G0011642.bmp 1 2052 1476 80 26
tst/G0011643.bmp 1 2164 1612 144 60
tst/G0011647.bmp 1 1968 1468 128 16
tst/G0011648.bmp 1 2092 1596 190 42
tst/G0011661.bmp 1 2094 1456 70 16
tst/G0011662.bmp 1 2198 1568 114 38
tst/G0011663.bmp 1 2144 1462 62 18
tst/G0011664.bmp 1 2246 1592 108 24
tst/G0011677.bmp 1 2062 1456 62 14
tst/G0011678.bmp 1 2114 1550 108 34
tst/G0011684.bmp 1 2796 1382 50 10
tst/G0011700.bmp 1 1884 1360 36 12
tst/G0011701.bmp 1 1890 1368 38 12
tst/G0011702.bmp 1 1886 1386 52 16
tst/G0011703.bmp 1 1870 1408 82 20
tst/G0011704.bmp 1 1860 1444 98 28
tst/G0011705.bmp 1 1888 1546 92 36
tst/G0011712.bmp 1 2108 1496 98 14
tst/G0011713.bmp 1 2220 1600 92 34
tst/G0011759.bmp 4 2222 1516 62 16 2046 1412 52 10 2324 1404 88 10 2298 1408 86 12
tst/G0011760.bmp 4 2268 1608 106 22 2020 1442 62 10 2350 1430 100 14 2314 1442 70 12
tst/G0011761.bmp 4 1996 1478 76 14 2398 1460 112 16 2358 1476 146 26 2126 1498 58 14
tst/G0011762.bmp 4 1968 1534 100 26 2144 1572 80 20 2434 1536 168 32 2464 1504 158 28
tst/G0011763.bmp 5 1948 1632 134 38 2202 1698 112 40 2580 1630 192 52 2598 1578 196 44 1972 1458 88 14
tst/G0011764.bmp 4 2860 1686 282 82 1964 1496 108 14 2140 1508 84 24 1632 1444 42 12
tst/G0011765.bmp 3 2202 1576 170 38 2032 1558 118 22 1602 1478 74 16
tst/G0011766.bmp 3 2242 1668 190 56 1662 1528 88 26 2506 1724 234 42
tst/G0011767.bmp 3 1754 1592 170 48 1588 1510 86 16 1886 1390 68 12
tst/G0011768.bmp 2 1608 1580 104 24 1966 1410 82 12
tst/G0011769.bmp 3 1450 1698 146 40 1940 1436 98 14 1756 1416 42 12
tst/G0011770.bmp 2 1892 1464 116 18 1688 1430 46 18
tst/G0011771.bmp 2 1836 1520 154 24 1600 1472 56 16
tst/G0011772.bmp 4 1784 1594 190 36 1500 1510 100 28 174 1426 64 14 1622 1460 32 10
tst/G0011773.bmp 3 1706 1742 226 28 1350 1572 104 38 1552 1490 46 14
tst/G0011774.bmp 2 1054 1682 174 48 1426 1532 54 10
tst/G0011775.bmp 1 1190 1648 74 20
tst/G0011800.bmp 1 1818 1526 102 20
tst/G0011801.bmp 1 1792 1742 154 28
tst/G0011832.bmp 2 2802 1574 94 28 1844 1430 48 12
tst/G0011833.bmp 1 1830 1562 64 28
tst/G0011838.bmp 1 1874 1484 92 24
tst/G0011839.bmp 1 1826 1702 182 50
tst/G0011840.bmp 1 2090 1460 118 28
tst/G0011841.bmp 1 2200 1620 204 60
tst/G0011844.bmp 2 1902 1658 108 88 2104 1484 62 18
tst/G0011845.bmp 1 2240 1616 108 36
tst/G0011861.bmp 1 1776 1552 82 20
tst/G0011863.bmp 2 2502 1584 100 24 2194 1522 50 16
tst/G0011864.bmp 2 2354 1612 62 26 250 1478 82 18
tst/G0011865.bmp 2 1962 1428 34 8 1836 1418 36 10
tst/G0011866.bmp 2 1950 1442 38 12 1802 1434 34 12
tst/G0011867.bmp 2 1940 1486 40 10 1762 1474 50 16
tst/G0011868.bmp 2 1932 1548 58 14 1732 1526 62 20
tst/G0011869.bmp 3 1920 1576 68 16 1694 1548 76 22 1870 1502 52 14
tst/G0011870.bmp 3 1914 1588 74 18 1666 1556 84 22 1844 1506 66 16
tst/G0011871.bmp 3 1926 1614 80 22 1648 1568 92 28 1846 1514 66 20
tst/G0011872.bmp 3 1936 1660 94 26 1636 1604 98 36 1850 1536 78 24
tst/G0011873.bmp 5 1234 1726 100 32 1936 1730 102 36 1592 1654 114 44 1838 1566 94 32 1668 1556 44 16
tst/G0011874.bmp 3 1458 1698 160 66 1774 1582 122 44 1586 1562 46 18
tst/G0011875.bmp 3 1672 1646 160 66 1278 1706 100 26 1452 1614 52 28
tst/G0011876.bmp 2 1230 1724 68 36 960 1722 98 44
tst/G0011877.bmp 2 1544 1576 108 22 2344 1526 58 14
tst/G0011878.bmp 2 1374 1702 156 34 2444 1608 86 26
tst/G0011879.bmp 1 1484 1512 52 14
tst/G0011880.bmp 1 1374 1572 78 24
tst/G0011881.bmp 2 1200 1676 118 56 2414 1596 112 28
tst/G0011935.bmp 1 1804 1632 122 40
tst/G0011936.bmp 2 2376 1412 42 12 2254 1400 42 10
tst/G0011937.bmp 3 1964 1532 86 22 2402 1426 50 14 2272 1416 44 14
tst/G0011938.bmp 4 1972 1624 114 34 2808 1574 90 18 2466 1442 60 14 2316 1428 38 12
tst/G0011939.bmp 5 3158 1694 132 28 2568 1472 62 12 2376 1458 46 12 2554 1506 76 16 2448 1452 42 10
tst/G0011940.bmp 4 2726 1550 98 22 2706 1498 82 22 2470 1480 50 12 2540 1468 52 14
tst/G0011941.bmp 5 3006 1654 134 46 2916 1562 104 34 2602 1536 68 16 2686 1520 58 16 3098 1470 68 18
tst/G0011942.bmp 7 3234 1660 154 56 2826 1614 84 28 2904 1584 74 26 3350 1510 72 20 3244 1600 80 24 2810 1550 58 14 2112 1568 78 20
tst/G0011943.bmp 2 2162 1694 102 30 3222 1714 136 48
tst/G0011947.bmp 1 2724 1440 142 36
tst/G0011948.bmp 1 2350 1446 148 26
tst/G0011949.bmp 1 2032 1460 150 32
tst/G0011950.bmp 1 1774 1494 148 34
tst/G0011951.bmp 1 1522 1542 172 40
tst/G0011952.bmp 1 1278 1618 190 42
tst/G0011953.bmp 1 986 1742 186 26
tst/G0011958.bmp 1 1344 1606 88 18
tst/G0011966.bmp 2 1520 1568 88 16 2546 1534 44 14
tst/G0011967.bmp 3 2964 1688 88 30 1384 1576 86 26 1410 1558 72 18
tst/G0011968.bmp 2 2134 1498 54 10 1360 1686 56 16
tst/G0011969.bmp 2 2288 1620 70 20 2188 1490 36 12
tst/G0011970.bmp 1 2346 1578 62 18
tst/G0011971.bmp 1 2440 1618 42 12
tst/G0011973.bmp 1 2426 1488 32 12
tst/G0011974.bmp 1 2704 1578 44 14
tst/G0011975.bmp 3 2406 1684 50 24 2264 1416 30 10 2030 1404 34 14
tst/G0011976.bmp 2 2376 1446 34 12 2066 1428 44 16
tst/G0011977.bmp 3 2586 1506 56 16 2130 1476 64 20 2292 1574 42 26
tst/G0011978.bmp 2 3040 1666 100 26 2272 1590 92 32
tst/G0011980.bmp 2 2200 1490 42 12 1702 1440 42 10
tst/G0011981.bmp 2 2396 1610 54 18 1648 1504 48 12
tst/G0011982.bmp 1 1490 1632 84 28
tst/G0011983.bmp 1 2830 1394 30 10
tst/G0011984.bmp 1 2986 1404 32 12
tst/G0011985.bmp 2 3204 1440 36 6 1982 1408 30 10
tst/G0011986.bmp 2 3506 1450 50 14 2002 1422 34 12
tst/G0011987.bmp 2 2042 1470 44 14 2592 1444 42 10
tst/G0011988.bmp 4 2132 1576 68 20 2830 1522 74 14 2742 1530 46 10 2972 1558 50 12
tst/G0011989.bmp 4 2340 1756 112 14 3130 1610 74 14 3250 1600 96 16 2618 1452 50 14
tst/G0011990.bmp 1 2860 1516 80 24
tst/G0011991.bmp 1 3310 1610 136 48
tst/G0012011.bmp 2 2428 1502 44 16 1890 1432 62 14
tst/G0012012.bmp 2 2922 1716 92 40 1890 1510 106 22
tst/G0012022.bmp 1 1896 1448 84 30
tst/G0012023.bmp 1 1888 1554 148 52
tst/G0020196.bmp 8 2562 1648 266 82 2518 1606 144 42 1892 1544 100 28 1672 1562 90 22 1676 1510 106 18 1950 1446 86 20 1884 1448 42 10 2102 1478 74 22
tst/G0020197.bmp 5 2028 1698 176 64 1664 1618 152 28 2300 1516 92 40 1962 1474 64 16 2040 1474 112 20
tst/G0020198.bmp 5 2766 1660 192 62 2260 1538 144 28 2126 1530 92 20 1600 1476 56 16 1524 1506 52 14
tst/G0020199.bmp 4 2346 1704 162 38 2600 1714 238 54 1338 1664 74 14 1422 1608 72 18
tst/G0020200.bmp 1 2630 1626 106 38
tst/G0020201.bmp 2 2244 1520 106 20 2074 1464 112 16
tst/G0020202.bmp 3 2616 1638 190 58 2240 1514 146 22 1988 1412 64 16
tst/G0020203.bmp 6 2616 1602 212 60 1996 1462 96 14 1960 1474 56 14 2106 1410 90 24 1924 1432 56 10 1822 1400 42 8
tst/G0020204.bmp 5 2134 1512 130 28 1986 1544 122 36 1994 1452 82 12 2212 1434 126 30 1868 1404 50 10
tst/G0020205.bmp 6 2322 1618 204 46 2084 1708 266 62 2044 1486 112 16 1874 1414 56 10 2340 1442 58 12 2324 1462 140 44
tst/G0020206.bmp 7 2126 1562 168 24 2554 1570 196 24 2592 1538 86 26 2472 1482 78 14 1794 1544 158 24 1796 1492 152 28 1872 1432 70 14
tst/G0020207.bmp 8 2318 1704 278 64 3018 1708 256 60 1756 1638 264 76 1780 1546 202 34 2676 1534 110 16 2860 1590 126 24 2946 1640 166 48 1868 1446 84 18
tst/G0020208.bmp 3 1730 1658 324 86 3006 1618 176 32 1864 1472 108 18
tst/G0020209.bmp 5 1744 1568 110 72 1842 1492 132 20 1834 1466 36 18 1814 1444 68 16 1832 1422 36 12
tst/G0020210.bmp 3 1654 1556 154 30 1654 1452 38 14 1610 1482 94 24
tst/G0020211.bmp 3 1300 1654 244 70 1332 1518 122 44 1416 1478 44 20
tst/G0020212.bmp 3 936 1726 194 44 1100 1604 164 60 1254 1534 60 18
tst/G0020213.bmp 1 936 1696 194 72
tst/G0020238.bmp 1 1412 1694 90 22
tst/G0020255.bmp 2 1934 1456 74 12 2012 1416 64 16
tst/G0020258.bmp 1 2494 1678 330 90
tst/G0022105.bmp 2 1040 1498 134 30 346 1458 34 14
tst/G0022106.bmp 2 1252 1548 136 34 526 1464 56 14
tst/G0022107.bmp 2 1422 1624 200 50 628 1472 64 16
tst/G0022108.bmp 1 742 1510 66 18
tst/G0022109.bmp 1 854 1550 76 22
tst/G0022110.bmp 1 1010 1602 78 30
tst/G0022111.bmp 1 1176 1664 90 42
tst/G0032513.bmp 5 1796 1430 90 14 1908 1420 56 8 1852 1418 44 12 2096 1404 38 14 2174 1412 56 10
tst/G0032514.bmp 4 1892 1468 124 20 2256 1432 54 16 2354 1446 74 16 2024 1446 72 20
tst/G0032515.bmp 5 1968 1520 168 26 2104 1484 124 28 2562 1494 90 18 2436 1470 52 18 2338 1388 46 16
tst/G0032516.bmp 4 1920 1624 244 60 2098 1564 178 56 2542 1546 76 24 2738 1586 126 26
tst/G0032517.bmp 3 2028 1718 260 50 2652 1672 118 40 2292 1450 66 20
tst/G0032518.bmp 1 2276 1512 90 24
tst/G0032519.bmp 2 2320 1606 132 34 1660 1608 74 18
tst/G0032754.bmp 1 1890 1474 66 16
tst/G0032755.bmp 1 1844 1562 96 28
tst/G0032813.bmp 1 2372 1496 124 22
tst/G0032814.bmp 1 2824 1676 252 64
tst/G0043050.bmp 2 2108 1548 62 20 1886 1460 64 18
tst/G0043051.bmp 1 1868 1552 110 26
tst/G0043224.bmp 1 1744 1592 128 36
tst/G0043225.bmp 2 1772 1740 174 30 1644 1602 80 36
tst/G0043230.bmp 1 2334 1608 142 30
tst/G0043231.bmp 1 1958 1552 116 48
tst/G0043272.bmp 2 1862 1588 114 26 2296 1512 122 30
tst/G0043273.bmp 1 2528 1622 182 54
tst/G0043288.bmp 1 1802 1510 132 28
tst/G0043289.bmp 1 1824 1606 184 48
tst/G0043310.bmp 1 1390 1588 190 56
tst/G0043311.bmp 2 2054 1368 46 8 2072 1352 44 12
tst/G0043312.bmp 3 2122 1376 54 10 2132 1360 62 14 1788 1386 50 12
tst/G0043313.bmp 4 1888 1414 58 12 2256 1398 56 8 2280 1380 60 10 1790 1426 38 10
tst/G0043314.bmp 5 1806 1454 54 14 1926 1440 80 16 2380 1392 62 14 2362 1412 80 18 2230 1404 44 16
tst/G0043315.bmp 5 2518 1540 88 20 1946 1486 90 24 1798 1512 62 20 2462 1444 98 14 2448 1416 84 14
tst/G0043316.bmp 8 1750 1596 88 28 1946 1546 124 32 2744 1638 124 36 2564 1478 96 18 2528 1436 94 18 2360 1460 70 16 2028 1422 80 16 2368 1420 78 12
tst/G0043317.bmp 7 1942 1648 170 44 1646 1750 132 20 2686 1516 138 28 2430 1494 74 18 2620 1454 106 22 2416 1436 92 14 2030 1442 86 14
tst/G0043318.bmp 6 2870 1568 170 38 2536 1538 112 24 2780 1524 74 22 2726 1478 126 28 2480 1452 98 18 2020 1464 92 10
tst/G0043319.bmp 5 3180 1652 226 56 2734 1608 98 26 2910 1514 150 28 3148 1510 84 18 2050 1494 158 20
tst/G0043320.bmp 5 3134 1718 214 52 3210 1558 194 44 3420 1664 112 42 2808 1504 144 28 2160 1530 110 26
tst/G0043321.bmp 3 2316 1592 334 58 3108 1568 164 34 3628 1648 48 16
tst/G0043322.bmp 2 3498 1630 176 52 2558 1654 372 116
tst/G0063846.bmp 1 1534 1480 126 22
tst/G0063847.bmp 1 1380 1554 182 34
tst/G0063848.bmp 1 1048 1726 308 42
tst/G0063914.bmp 1 2198 1526 82 22
tst/G0063915.bmp 1 1818 1208 58 10
tst/G0063916.bmp 1 1770 1218 62 12
tst/G0063917.bmp 1 1758 1220 50 12
tst/G0063918.bmp 1 1746 1224 62 12
tst/G0063919.bmp 1 1768 1234 78 12
tst/G0063920.bmp 1 1798 1232 78 20
tst/G0063921.bmp 1 1822 1254 102 10
tst/G0063922.bmp 1 1828 1254 112 20
tst/G0063923.bmp 1 1826 1286 130 20
tst/G0063924.bmp 1 1826 1314 126 22
tst/G0063925.bmp 1 1784 1344 148 24
tst/G0063926.bmp 1 1632 1376 124 32
tst/G0063927.bmp 1 1274 1454 176 70
tst/G0063928.bmp 1 614 1618 302 94
tst/G0064000.bmp 1 2314 1414 168 34
tst/G0064014.bmp 1 1614 1578 272 102
tst/G0064034.bmp 1 2152 1374 260 24
tst/G0064072.bmp 1 2074 1328 68 24
tst/G0064073.bmp 1 2234 1588 170 70
tst/G0064100.bmp 1 2060 1240 44 8
tst/G0064101.bmp 1 2028 1260 46 14
tst/G0064102.bmp 1 1992 1320 58 22
tst/G0064103.bmp 2 1986 1538 144 60 1846 1576 120 38
tst/G0064139.bmp 1 1862 1238 60 12
tst/G0064140.bmp 2 2128 1304 48 16 1854 1268 82 20
tst/G0064141.bmp 2 2370 1470 78 26 1812 1352 144 44
tst/G0064143.bmp 1 2028 1262 46 12
tst/G0064144.bmp 1 2076 1318 72 16
tst/G0064145.bmp 1 2282 1504 180 64
tst/G0064146.bmp 1 2060 1310 54 14
tst/G0064147.bmp 1 2174 1504 106 34
tst/G0064148.bmp 1 1898 1340 120 28
tst/G0064167.bmp 1 1990 1640 130 48
tst/G0064182.bmp 1 1958 1224 42 12
tst/G0064183.bmp 1 1944 1248 64 16
tst/G0064184.bmp 1 1932 1296 92 26
tst/G0064185.bmp 1 1916 1452 204 96
tst/G0064186.bmp 1 1704 1348 64 14
tst/G0064187.bmp 1 1560 1598 174 76
tst/G0064196.bmp 3 2986 1572 162 46 2812 1574 176 40 2608 1584 194 36
tst/G0064259.bmp 1 1422 1444 72 26
tst/G0064405.bmp 1 1846 1202 46 12
tst/G0064406.bmp 1 1846 1226 40 14
tst/G0064407.bmp 3 1848 1266 52 12 1844 1254 34 10 1910 1256 32 10
tst/G0064408.bmp 3 1834 1272 76 20 1844 1252 46 14 1920 1250 46 10
tst/G0064409.bmp 4 1792 1374 132 64 1814 1320 66 20 1938 1316 68 16 1928 1194 32 10
tst/G0064410.bmp 4 1696 1542 182 146 1998 1544 174 58 1954 1198 34 12 2156 1242 38 16
tst/G0064411.bmp 2 2308 1338 70 20 1964 1240 52 16
tst/G0064412.bmp 1 2016 1310 86 26
tst/G0064413.bmp 2 2158 1450 156 68 2094 1262 56 12
tst/G0064414.bmp 5 2156 1322 110 18 2002 1298 84 16 1930 1244 38 12 1954 1230 40 12 1900 1210 42 14
tst/G0064415.bmp 6 2400 1426 182 64 2058 1378 226 42 1952 1250 40 14 1970 1228 54 14 1774 1202 46 12 1862 1194 84 16
tst/G0064416.bmp 5 1946 1298 60 22 1970 1260 76 14 1910 1242 54 18 1708 1218 60 10 1828 1208 110 18
tst/G0064417.bmp 6 1904 1422 92 36 1940 1318 108 20 1852 1288 62 16 1598 1242 82 14 1736 1226 128 12 1824 1238 60 10
tst/G0064418.bmp 6 1870 1436 208 72 2222 1412 72 38 1754 1354 86 38 1432 1264 100 26 1618 1238 162 20 1740 1256 70 16
tst/G0064419.bmp 4 1478 1640 198 72 1166 1346 140 28 1606 1334 112 26 1462 1296 222 28
tst/G0064420.bmp 3 546 1536 276 88 1356 1476 186 82 1190 1392 338 68
tst/G0064421.bmp 1 624 1640 448 114
tst/G0064426.bmp 1 1878 1310 54 14
tst/G0064427.bmp 1 1852 1428 72 14
tst/G0064428.bmp 2 1750 1636 162 54 1878 1324 40 12
tst/G0064429.bmp 2 1812 1444 68 18 2044 1256 50 12
tst/G0064430.bmp 1 2062 1284 52 12
tst/G0064431.bmp 2 2088 1320 72 16 2020 1248 50 10
tst/G0064432.bmp 2 2204 1432 118 34 2042 1274 62 16
tst/G0064433.bmp 1 2096 1320 74 18
tst/G0064434.bmp 1 2202 1432 142 44
tst/G0064436.bmp 1 1952 1238 66 10
tst/G0064437.bmp 1 1988 1260 66 14
tst/G0064438.bmp 3 2048 1308 80 14 2056 1258 52 10 1996 1242 44 12
tst/G0064439.bmp 3 2114 1356 116 24 2088 1268 70 14 2010 1244 66 12
tst/G0064440.bmp 5 2210 1464 222 60 2136 1290 78 18 2032 1252 72 16 1990 1230 60 14 2218 1258 38 12
tst/G0064441.bmp 4 2194 1344 110 26 2276 1292 40 14 2036 1282 90 16 1978 1250 68 14
tst/G0064442.bmp 4 2326 1418 150 54 2362 1320 66 18 2058 1304 114 20 1976 1258 92 16
tst/G0064443.bmp 4 2632 1632 294 72 2512 1388 108 32 2102 1366 158 34 1990 1288 100 18
tst/G0064444.bmp 3 2856 1516 172 74 2206 1470 248 62 1996 1320 146 24
tst/G0064445.bmp 2 2038 1358 188 40 2160 1248 48 12
tst/G0064446.bmp 2 2122 1496 280 80 2224 1296 50 20
tst/G0064447.bmp 1 2320 1312 70 26
tst/G0064448.bmp 1 2444 1346 96 22
tst/G0064449.bmp 1 2604 1440 162 40
tst/G0064450.bmp 1 2978 1632 286 106
tst/G0064451.bmp 1 2240 1294 42 14
tst/G0064452.bmp 1 2300 1356 52 14
tst/G0064453.bmp 1 2448 1410 78 26
tst/G0064454.bmp 1 2836 1580 146 52
tst/G0064460.bmp 1 1900 1284 46 14
tst/G0064461.bmp 1 1932 1324 48 14
tst/G0064462.bmp 1 1950 1394 92 26
tst/G0064470.bmp 1 2318 1570 118 48
tst/G0064473.bmp 2 1898 1342 70 12 1950 1360 60 12
tst/G0064474.bmp 2 2004 1466 92 22 1894 1406 102 40
tst/G0064480.bmp 2 2136 1346 62 14 1868 1334 74 16
tst/G0064481.bmp 2 2390 1532 120 40 1864 1496 138 34
tst/G0064482.bmp 1 2444 1526 70 36
tst/G0064484.bmp 2 2058 1292 52 14 2142 1302 50 16
tst/G0064485.bmp 3 2318 1484 120 48 2176 1460 96 32 2254 1384 156 26
tst/G0064486.bmp 3 2664 1592 300 104 1984 1230 64 16 2168 1226 76 14
tst/G0064487.bmp 3 2004 1252 82 22 2254 1254 78 16 2074 1270 70 14
tst/G0064488.bmp 3 2350 1308 108 22 2042 1300 126 32 2136 1328 108 26
tst/G0064489.bmp 4 2522 1366 168 40 2268 1428 178 54 2106 1374 184 58 2536 1514 148 38
tst/G0064490.bmp 4 2296 1492 318 134 2118 1516 154 68 2726 1610 214 90 2892 1462 242 78
tst/G0064498.bmp 1 2096 1324 40 10
tst/G0064499.bmp 1 2194 1444 60 24
tst/G0064505.bmp 1 1916 1592 164 56
tst/G0064507.bmp 1 1944 1242 46 14
tst/G0064508.bmp 1 1944 1234 50 12
tst/G0064509.bmp 1 1936 1252 66 18
tst/G0064510.bmp 2 1938 1340 92 22 2486 1332 64 26
tst/G0064511.bmp 2 1920 1400 138 38 2744 1384 120 28
tst/G0064512.bmp 1 2120 1196 58 16
tst/G0064513.bmp 1 2080 1208 60 18
tst/G0064514.bmp 1 2042 1198 70 22
tst/G0064515.bmp 1 1978 1206 104 28
tst/G0064516.bmp 3 1938 1216 78 12 1956 1236 48 16 2072 1212 60 14
tst/G0064517.bmp 5 1898 1260 110 18 1948 1238 128 14 2100 1230 96 18 2238 1248 44 8 2182 1228 58 12
tst/G0064518.bmp 4 1920 1284 128 26 1968 1254 140 24 2158 1240 170 24 2350 1272 50 14
tst/G0064519.bmp 4 2016 1332 202 38 2068 1282 212 48 2326 1270 230 32 2622 1314 78 30
tst/G0064520.bmp 7 2202 1432 284 80 2236 1338 276 84 2588 1318 306 56 3088 1422 150 48 2242 1290 62 16 2146 1344 66 16 2650 1282 84 24
tst/G0064521.bmp 6 2442 1406 424 102 2600 1510 248 80 2946 1378 410 128 2918 1326 116 34 2386 1332 90 18 2306 1422 84 26
tst/G0064522.bmp 8 2544 1644 160 42 2802 1600 748 168 2538 1414 146 34 2924 1326 74 20 3286 1406 198 56 2190 1220 46 10 2272 1234 52 16 2382 1238 46 12
tst/G0064523.bmp 6 2922 1648 260 82 3280 1434 92 36 2908 1348 90 20 2398 1282 52 12 2274 1278 62 16 2158 1252 44 12
tst/G0064524.bmp 6 3248 1488 138 40 2424 1340 76 24 2266 1330 78 24 2256 1310 64 18 2092 1286 66 16 2034 1326 36 16
tst/G0064525.bmp 8 2180 1544 94 36 3398 1600 104 56 2568 1472 128 34 2330 1436 130 40 2296 1400 90 26 2056 1350 108 22 1990 1418 58 32 2010 1292 30 12
tst/G0064526.bmp 6 2506 1606 246 126 2362 1490 142 56 1892 1542 112 68 1984 1388 138 40 1916 1280 36 14 2054 1274 32 12
tst/G0064527.bmp 5 1188 1632 108 40 1908 1496 210 96 1812 1298 38 14 1982 1286 30 12 2054 1256 14 6
tst/G0064528.bmp 3 1706 1342 56 18 1926 1316 48 12 2008 1266 30 12
tst/G0064529.bmp 3 1704 1396 76 26 2000 1350 60 18 2096 1278 22 12
tst/G0064530.bmp 4 1734 1548 146 66 2204 1454 92 34 2290 1332 24 14 2204 1280 24 12
tst/G0064531.bmp 3 2504 1382 46 28 2344 1302 42 16 1902 1366 52 16
tst/G0064532.bmp 3 2852 1520 110 52 2484 1354 48 20 1894 1504 78 26
tst/G0064533.bmp 1 2776 1474 90 48
tst/G0064534.bmp 2 2572 1326 52 14 2238 1326 32 16
tst/G0064535.bmp 4 2892 1428 64 20 2388 1424 56 20 1964 1256 42 14 2218 1266 34 16
tst/G0064536.bmp 2 2294 1322 40 16 1956 1298 50 12
tst/G0064537.bmp 2 2420 1384 58 26 1932 1340 70 20
tst/G0064538.bmp 2 2748 1494 124 60 1876 1378 116 38
tst/G0064539.bmp 1 2212 1242 28 16
tst/G0064540.bmp 2 2226 1256 30 14 2034 1226 30 12
tst/G0064541.bmp 2 2254 1292 46 18 2000 1248 32 12
tst/G0064542.bmp 2 2338 1336 62 24 1948 1258 58 14
tst/G0064543.bmp 2 2600 1494 122 54 1912 1322 72 14
tst/G0064544.bmp 2 1890 1420 122 30 1872 1232 30 10
tst/G0064545.bmp 1 1882 1226 26 10
tst/G0064546.bmp 1 1892 1252 38 10
tst/G0064547.bmp 1 1894 1246 52 16
tst/G0064548.bmp 1 1886 1292 74 22
tst/G0064549.bmp 2 2366 1412 50 20 1882 1350 94 34
tst/G0064550.bmp 1 1816 1454 192 106
tst/G0064551.bmp 1 2408 1418 104 32
tst/G0064556.bmp 1 1874 1356 38 12
tst/G0064557.bmp 1 1834 1506 68 32
tst/G0064558.bmp 1 2002 1336 44 14
tst/G0064559.bmp 4 2096 1558 96 46 2362 1392 88 18 2206 1280 36 16 2188 1312 44 14
tst/G0064560.bmp 3 2370 1402 62 14 2322 1314 66 20 1894 1258 56 14
tst/G0064561.bmp 3 2538 1460 124 48 1800 1318 92 16 1698 1268 84 16
tst/G0064562.bmp 4 1656 1460 140 46 1060 1450 116 52 1386 1420 68 24 1548 1356 116 22
tst/G0064563.bmp 5 812 1644 142 54 198 1710 220 58 1438 1600 132 50 1226 1438 196 60 1576 1248 74 20
tst/G0064564.bmp 3 704 1524 66 26 980 1422 234 46 1478 1296 100 22
tst/G0064565.bmp 3 1332 1386 96 24 1456 1362 112 22 1482 1388 72 26
tst/G0064566.bmp 3 1334 1488 178 38 1316 1550 120 46 1126 1522 126 54
tst/G0064567.bmp 1 1804 1312 34 8
tst/G0064568.bmp 3 1822 1328 58 12 1756 1274 48 6 1828 1212 66 14
tst/G0064569.bmp 5 1798 1460 86 24 1732 1322 54 10 1640 1280 34 14 1522 1316 46 18 1832 1234 80 14
tst/G0064570.bmp 4 1654 1396 72 28 1386 1400 50 24 1572 1326 42 14 1828 1258 90 12
tst/G0064571.bmp 5 1450 1554 108 54 1022 1528 94 42 1436 1364 46 16 1670 1266 30 14 1810 1242 110 22
tst/G0064572.bmp 4 1114 1472 74 32 1576 1284 38 18 1806 1262 84 20 1578 1286 42 16
tst/G0064573.bmp 3 1398 1344 56 24 1590 1326 46 16 1708 1310 126 22
tst/G0064574.bmp 3 1092 1446 110 50 1408 1412 70 24 1598 1364 166 58
tst/G0064575.bmp 3 966 1614 128 60 1334 1496 278 130 1680 1276 56 14
tst/G0064576.bmp 1 1650 1308 72 10
tst/G0064577.bmp 1 1596 1416 110 26
tst/G0064578.bmp 1 1370 1682 186 34
tst/G0064579.bmp 1 1780 1272 48 10
tst/G0064580.bmp 1 1836 1280 80 14
tst/G0064581.bmp 1 1870 1370 102 30
tst/G0064582.bmp 2 1824 1580 198 74 3038 1594 146 64
tst/G0064588.bmp 1 2284 1290 54 14
tst/G0064589.bmp 1 2496 1370 86 24
tst/G0064590.bmp 1 3194 1618 168 66
tst/G0064592.bmp 1 3278 1606 116 32
tst/G0064593.bmp 4 1244 1626 104 56 1276 1546 78 42 1378 1564 68 30 1372 1484 78 28
tst/G0064595.bmp 1 1774 1416 66 24
tst/G0064605.bmp 1 2496 1430 48 16
tst/G0064610.bmp 3 1898 1306 28 12 1936 1314 24 12 1958 1302 26 12
tst/G0064611.bmp 3 1772 1498 42 20 1692 1460 62 26 1808 1456 40 18
tst/G0064617.bmp 1 1816 1398 54 20
tst/G0064619.bmp 1 1946 1248 38 12
tst/G0064620.bmp 1 1828 1324 48 12
tst/G0064621.bmp 1 1584 1484 112 40
tst/G0064626.bmp 3 2424 1356 58 18 2296 1292 32 8 2098 1240 26 12
tst/G0064627.bmp 2 2432 1400 56 18 2040 1278 46 10
tst/G0064628.bmp 1 1992 1350 66 16
tst/G0064629.bmp 2 1924 1614 176 80 2188 1244 38 12
tst/G0064630.bmp 1 2182 1292 50 12
tst/G0064631.bmp 1 2246 1356 94 28
tst/G0064638.bmp 2 2002 1252 36 8 1908 1218 24 10
tst/G0064639.bmp 2 2046 1336 42 8 1908 1274 34 10
tst/G0064640.bmp 3 2150 1384 86 28 2032 1288 44 14 1910 1256 40 6
tst/G0064641.bmp 2 2134 1392 68 18 1918 1298 50 16
tst/G0064642.bmp 1 1944 1544 106 38
tst/G0064644.bmp 1 1508 1472 60 20
tst/G0064648.bmp 1 2364 1402 112 34
tst/G0064657.bmp 1 1860 1312 62 10
tst/G0064658.bmp 1 1830 1422 74 24
tst/G0064659.bmp 1 2000 1328 56 22
tst/G0064660.bmp 2 2140 1504 138 38 2064 1328 78 22
tst/G0064661.bmp 1 2242 1460 134 50
tst/G0064664.bmp 1 1912 1326 86 16
tst/G0064665.bmp 1 1948 1502 166 60
tst/G0064666.bmp 1 2016 1286 36 12
tst/G0064667.bmp 1 2176 1340 64 24
tst/G0064674.bmp 1 2162 1326 46 14
tst/G0064675.bmp 1 2522 1508 116 60
tst/G0064701.bmp 1 2266 1372 44 20
tst/G0064702.bmp 3 2968 1566 100 42 2390 1410 50 22 2278 1362 36 20
tst/G0064709.bmp 1 2278 1314 44 16
tst/G0064710.bmp 1 2748 1484 138 46
tst/G0064711.bmp 1 1878 1222 40 14
tst/G0064712.bmp 1 1932 1258 48 16
tst/G0064713.bmp 1 2034 1308 80 24
tst/G0064714.bmp 2 2266 1468 170 64 2096 1286 42 12
tst/G0064715.bmp 1 2288 1358 74 24
tst/G0064716.bmp 1 2178 1354 50 18
tst/G0064717.bmp 1 2474 1500 114 48
tst/G0064722.bmp 2 2156 1258 36 18 1930 1246 28 10
tst/G0064723.bmp 2 2244 1294 50 18 1912 1270 48 14
tst/G0064724.bmp 3 2452 1396 142 44 1924 1330 60 18 1860 1294 32 14
tst/G0064725.bmp 2 1966 1592 172 96 1842 1444 64 28
tst/G0064738.bmp 1 2096 1308 118 28
tst/G0064739.bmp 2 2292 1484 296 108 1448 1292 100 24
tst/G0064740.bmp 1 1026 1468 224 56
tst/G0064743.bmp 1 1582 1480 50 36
tst/G0064753.bmp 2 2250 1314 28 16 1910 1244 40 16
tst/G0064754.bmp 2 2678 1512 76 36 1902 1280 64 20
tst/G0064755.bmp 1 1880 1420 122 48
tst/G0064763.bmp 1 2086 1384 50 18
tst/G0064768.bmp 1 2692 1508 52 14
tst/G0064769.bmp 2 2132 1334 60 20 2038 1304 80 18
tst/G0064770.bmp 1 2198 1472 198 72
tst/G0064774.bmp 1 2276 1480 152 48
tst/G0064779.bmp 1 2090 1284 52 18
tst/G0064780.bmp 2 2274 1394 86 24 2848 1558 62 34
tst/G0064784.bmp 1 1956 1368 64 22
tst/G0064794.bmp 1 1892 1218 44 18
tst/G0064795.bmp 1 1890 1264 62 10
tst/G0064796.bmp 1 1888 1318 100 22
tst/G0064797.bmp 1 1870 1468 198 48
tst/G0064803.bmp 1 1884 1228 58 12
tst/G0064804.bmp 1 1892 1246 70 12
tst/G0064805.bmp 1 1886 1276 102 26
tst/G0064806.bmp 1 1854 1340 168 38
tst/G0064807.bmp 1 1728 1620 428 78
tst/G0064808.bmp 1 1926 1242 44 18
tst/G0064809.bmp 1 1900 1270 48 14
tst/G0064810.bmp 1 1884 1342 76 20
tst/G0064811.bmp 1 1870 1530 154 54
tst/G0064820.bmp 1 2054 1262 34 12
tst/G0064821.bmp 1 2134 1312 52 14
tst/G0064822.bmp 2 2442 1580 146 52 1930 1310 40 18
tst/G0064823.bmp 1 1972 1438 82 24
tst/G0064824.bmp 1 1908 1218 34 8
tst/G0064825.bmp 1 1916 1250 42 12
tst/G0064826.bmp 1 1914 1286 50 16
tst/G0064827.bmp 1 1922 1426 94 48
tst/G0064849.bmp 2 1866 1360 86 16 2144 1290 52 16
tst/G0064850.bmp 2 2380 1472 108 26 2214 1280 44 14
tst/G0064851.bmp 1 2384 1350 76 24
tst/G0064852.bmp 1 3034 1608 142 64
tst/G0064855.bmp 1 2076 1314 64 14
tst/G0064856.bmp 1 2304 1538 132 64
tst/G0064857.bmp 1 1952 1268 38 16
tst/G0064858.bmp 1 1924 1348 80 24
tst/G0064859.bmp 1 1948 1386 116 24
tst/G0064860.bmp 1 1760 1346 42 22
tst/G0064861.bmp 1 1738 1554 84 72
tst/G0064865.bmp 1 1918 1334 58 16
tst/G0064866.bmp 3 1938 1458 114 48 1892 1348 44 18 1872 1264 44 14
tst/G0064867.bmp 5 1910 1564 94 52 2260 1370 66 16 3010 1562 188 80 1884 1320 70 20 2006 1324 98 16
tst/G0064868.bmp 3 1908 1408 104 30 2658 1566 130 50 2120 1418 138 30
tst/G0064878.bmp 1 2144 1334 84 24
tst/G0064879.bmp 1 2434 1574 218 102
tst/G0084732.bmp 1 1764 1434 118 20
tst/G0084733.bmp 1 1836 1572 216 56
tst/G0094868.bmp 1 2492 1538 124 28
tst/G0094869.bmp 1 2702 1610 166 38
tst/G0094892.bmp 1 2054 1470 88 24
tst/G0094893.bmp 1 2144 1546 122 48
tst/G0095090.bmp 2 1668 1728 136 40 2008 1656 156 42
tst/G0095119.bmp 5 980 1720 220 50 1802 1566 84 20 1954 1556 192 28 1980 1602 236 48 1514 1396 62 10
tst/G0095120.bmp 3 1834 1744 152 24 2074 1594 190 34 1524 1426 74 8
tst/G0095121.bmp 1 1474 1464 90 16
tst/G0095122.bmp 3 1556 1512 108 34 1416 1514 106 24 1504 1438 96 18
tst/G0095123.bmp 3 1460 1606 150 76 1270 1612 178 42 1384 1472 184 64
tst/G0095124.bmp 2 1462 1564 116 36 1206 1534 270 88
tst/G0095125.bmp 1 856 1662 450 106
tst/G0105203.bmp 3 1762 1648 118 30 1904 1516 54 84 2438 1472 72 20
tst/G0105204.bmp 3 1898 1652 110 72 2538 1556 56 18 2646 1534 86 34
tst/G0105205.bmp 4 2892 1736 148 34 3038 1674 156 84 1948 1428 64 20 2056 1456 78 18
tst/G0105206.bmp 4 2106 1514 110 36 1948 1466 74 18 1954 1484 128 22 1990 1530 60 22
tst/G0105207.bmp 4 2020 1692 96 42 2198 1652 198 84 1942 1586 210 42 1942 1546 108 44
tst/G0105208.bmp 1 2762 1734 174 36
tst/G0105235.bmp 2 2418 1630 196 54 2196 1602 168 66
tst/G0105236.bmp 1 1682 1488 98 14
tst/G0105237.bmp 3 1504 1602 120 42 1658 1486 76 24 2078 1456 60 16
tst/G0105238.bmp 5 1662 1674 142 36 1268 1676 306 52 1406 1594 184 42 2164 1538 114 30 2036 1528 88 18
tst/G0105243.bmp 4 1246 1664 140 46 1446 1426 102 16 1672 1440 70 14 1630 1498 52 16
tst/G0115386.bmp 1 2108 1602 104 38
tst/G0257071.bmp 1 2720 1456 164 32
tst/G0257072.bmp 1 2446 1444 170 30
tst/G0257073.bmp 1 2176 1448 184 44
tst/G0257074.bmp 1 1822 1474 258 74
tst/G0257075.bmp 1 1462 1536 338 82
tst/G0257076.bmp 1 978 1650 480 116
tst/G0267325.bmp 3 2206 1466 42 14 2188 1436 46 8 2146 1360 32 8
tst/G0267326.bmp 8 2570 1710 124 54 2440 1598 98 24 2162 1412 58 12 2242 1402 56 12 2036 1406 50 12 2270 1364 50 12 2356 1392 30 12 2344 1406 34 12
tst/G0267327.bmp 7 2130 1510 92 28 2342 1522 104 28 2458 1492 96 22 2602 1468 58 16 2414 1406 76 18 2274 1384 52 12 2682 1426 116 22
tst/G0267328.bmp 7 3310 1706 128 42 3206 1550 160 42 2752 1504 150 52 2986 1400 52 14 2482 1462 70 14 2010 1370 34 12 2226 1432 32 12
tst/G0287602.bmp 1 1474 1454 102 44
tst/G0287603.bmp 2 1502 1482 160 54 3206 1550 160 42
tst/G0287604.bmp 2 1532 1512 214 60 3206 1550 160 42
tst/G0287605.bmp 2 1570 1550 224 64 3206 1550 160 42
tst/G0287606.bmp 1 1594 1590 286 80
tst/G0287607.bmp 1 1636 1674 300 88
tst/G0287620.bmp 1 1968 1626 154 32
tst/G0287622.bmp 1 2376 1700 172 50
tst/G0287650.bmp 1 2764 1450 102 24
tst/G0287651.bmp 3 3044 1508 152 36 1314 1466 112 28 1820 1424 140 18
tst/G0287652.bmp 4 1128 1530 138 48 1826 1466 160 40 3430 1608 186 60 3226 1532 86 24
tst/G0287653.bmp 2 768 1672 232 76 1786 1542 234 66
tst/G0287654.bmp 1 1724 1680 362 84
tst/G0307781.bmp 2 2404 1506 76 16 2158 1380 58 16
tst/G0307782.bmp 2 2718 1682 188 54 2214 1432 80 22
tst/G0307783.bmp 1 2360 1498 120 54
tst/G0307784.bmp 1 2698 1636 290 134
tst/G0327821.bmp 1 1512 1382 364 54
tst/G0327822.bmp 1 1426 1454 428 92
tst/G0327823.bmp 1 1084 1550 706 212
tst/G0348010.bmp 1 1794 1482 70 18
tst/G0348011.bmp 1 1796 1632 124 40
tst/G0348135.bmp 1 2004 1416 108 20
tst/G0348136.bmp 1 2104 1488 166 48
tst/G0348137.bmp 1 2324 1646 272 122
tst/G0348187.bmp 2 1856 1476 166 28 242 1642 156 42
tst/G0348188.bmp 2 2114 1518 220 46 1846 1446 112 28
tst/G0348189.bmp 2 2712 1600 284 68 2284 1468 130 24
tst/G0348190.bmp 1 2998 1558 168 38
tst/G0378295.bmp 1 2360 1552 222 32
tst/G0398361.bmp 2 2182 1454 78 24 1830 1412 58 16
tst/G0398362.bmp 3 2342 1538 94 28 1866 1500 80 20 1860 1460 60 22
tst/G0398363.bmp 3 2674 1722 156 44 1902 1614 118 52 1898 1550 74 30
tst/G0398531.bmp 2 1590 1436 108 36 1480 1482 74 18
tst/G0398532.bmp 2 1174 1666 100 34 1362 1568 178 54
tst/G0398560.bmp 1 2318 1508 226 42
tst/G0428809.bmp 3 2060 1432 174 44 1490 1584 88 24 1638 1536 98 42
tst/G0428810.bmp 3 2366 1616 164 52 2180 1556 242 66 2300 1526 86 20
tst/G0449110.bmp 1 1986 1372 54 16
tst/G0449111.bmp 1 2024 1428 64 26
tst/G0449112.bmp 1 2082 1482 92 36
tst/G0449113.bmp 1 2214 1626 158 80
tst/G0459455.bmp 5 1224 1592 166 28 2586 1574 100 24 2268 1738 192 32 1792 1578 312 66 2268 1522 132 30
tst/G0459640.bmp 2 2378 1492 126 28 2160 1444 184 42
tst/G0459641.bmp 2 2584 1592 210 56 2270 1506 292 90
tst/G0459642.bmp 1 2414 1588 450 176
tst/G0459766.bmp 4 2318 1576 102 28 2190 1474 80 20 2044 1380 50 14 2022 1364 28 8
tst/G0459767.bmp 2 2496 1672 124 38 2108 1436 66 16
tst/G0459768.bmp 2 2248 1540 138 38 2172 1468 50 22
tst/G0459961.bmp 1 1826 1448 98 26
tst/G0459962.bmp 1 1778 1582 160 64
tst/G0459973.bmp 1 1802 1502 144 40
tst/G0459987.bmp 1 1316 1474 88 22
tst/G0459988.bmp 2 1178 1576 118 28 684 1540 56 22
tst/G0459989.bmp 1 460 1736 210 32
