tst/G0011476.jpg 2 2176 1580 242 44 1726 1458 106 26
tst/G0011523.jpg 3 2250 1472 68 24 2192 1432 56 18 1974 1344 70 22
tst/G0011524.jpg 3 2474 1592 120 40 2336 1508 88 24 1992 1370 90 18
tst/G0011562.jpg 1 2188 1542 220 50
tst/G0011585.jpg 5 1048 1724 330 48 1472 1514 142 24 1644 1416 66 18 1922 1494 66 22 2008 1452 126 26
tst/G0011587.jpg 2 1488 1496 102 32 2204 1648 292 72
tst/G0011601.jpg 2 1876 1428 62 14 2050 1476 44 22
tst/G0011602.jpg 2 2160 1576 70 28 1888 1470 86 22
tst/G0011603.jpg 1 1872 1586 134 40
tst/G0011614.jpg 1 2098 1440 92 22
tst/G0011616.jpg 2 2356 1620 124 34 2274 1560 64 16
tst/G0011661.jpg 1 2094 1456 70 16
tst/G0011662.jpg 1 2198 1568 114 38
tst/G0011664.jpg 1 2246 1592 108 24
tst/G0011677.jpg 1 2062 1456 62 14
tst/G0011678.jpg 1 2114 1550 108 34
tst/G0011705.jpg 1 1888 1546 92 36
tst/G0011769.jpg 3 1450 1698 146 40 1940 1436 98 14 1756 1416 42 12
tst/G0011772.jpg 4 1784 1594 190 36 1500 1510 100 28 174 1426 64 14 1622 1460 32 10
tst/G0011773.jpg 3 1706 1742 226 28 1350 1572 104 38 1552 1490 46 14
tst/G0011876.jpg 2 1230 1724 68 36 960 1722 98 44
tst/G0011878.jpg 2 1374 1702 156 34 2444 1608 86 26
tst/G0011881.jpg 2 1200 1676 118 56 2414 1596 112 28
tst/G0011966.jpg 2 1520 1568 88 16 2546 1534 44 14
tst/G0011968.jpg 2 2134 1498 54 10 1360 1686 56 16
tst/G0011969.jpg 2 2288 1620 70 20 2188 1490 36 12
tst/G0011970.jpg 1 2346 1578 62 18
tst/G0011978.jpg 2 3040 1666 100 26 2272 1590 92 32
tst/G0011981.jpg 2 2396 1610 54 18 1648 1504 48 12
tst/G0011982.jpg 1 1490 1632 84 28
tst/G0011986.jpg 2 3506 1450 50 14 2002 1422 34 12
tst/G0011988.jpg 4 2132 1576 68 20 2830 1522 74 14 2742 1530 46 10 2972 1558 50 12
tst/G0011989.jpg 4 2340 1756 112 14 3130 1610 74 14 3250 1600 96 16 2618 1452 50 14
tst/G0012011.jpg 2 2428 1502 44 16 1890 1432 62 14
tst/G0012012.jpg 2 2922 1716 92 40 1890 1510 106 22
tst/G0012022.jpg 1 1896 1448 84 30
tst/G0012023.jpg 1 1888 1554 148 52
tst/G0016156.jpg 1 2224 1402 66 16
tst/G0016157.jpg 1 2474 1506 108 40
tst/G0016237.jpg 1 1756 1374 50 22
tst/G0016238.jpg 1 1654 1474 60 22
tst/G0016241.jpg 1 1974 1292 24 8
tst/G0016242.jpg 1 2006 1306 30 14
tst/G0016243.jpg 1 2036 1334 40 20
tst/G0016244.jpg 1 2084 1366 56 28
tst/G0016245.jpg 1 2214 1456 82 46
tst/G0016329.jpg 1 2096 1408 72 18
tst/G0016330.jpg 1 2258 1572 140 42
tst/G0016433.jpg 1 2556 1402 88 34
tst/G0016499.jpg 1 1790 1312 28 16
tst/G0016500.jpg 1 1748 1362 34 16
tst/G0016516.jpg 1 1882 1380 70 22
tst/G0016517.jpg 1 1840 1492 130 54
tst/G0016561.jpg 2 920 1496 40 18 840 1508 42 10
tst/G0016563.jpg 1 990 1454 40 14
tst/G0016608.jpg 1 2588 1502 46 16
tst/G0024296.jpg 2 2246 1634 100 36 798 1664 62 16
tst/G0024745.jpg 7 1544 1654 62 18 992 1634 56 16 768 1676 84 16 600 1668 134 26 576 1590 80 14 466 1672 58 14 434 1642 40 12
tst/G0024746.jpg 8 1576 1720 84 22 950 1670 68 16 672 1716 100 22 502 1702 150 30 370 1702 58 12 368 1654 56 16 556 1596 72 18 272 1602 28 10
tst/G0024747.jpg 10 1650 1776 94 32 1220 1798 68 36 1764 1778 78 34 950 1702 78 18 628 1754 118 28 456 1734 164 36 336 1724 62 20 352 1670 70 22 580 1610 70 16 298 1612 36 8
tst/G0024750.jpg 9 1370 1790 108 34 886 1872 152 44 728 1806 196 60 628 1780 76 16 734 1686 74 24 1040 1610 94 18 764 1602 44 14 332 1698 42 12 158 1618 32 10
tst/G0024751.jpg 12 1548 1826 142 46 998 1914 174 58 840 1824 206 86 748 1792 84 22 882 1690 82 22 1210 1600 102 22 944 1588 42 12 478 1694 44 12 442 1688 38 10 514 1702 34 10 464 1586 44 12 336 1602 34 12
tst/G0025405.jpg 1 3068 1490 74 20
tst/G0025406.jpg 1 2750 1526 72 20
tst/G0025407.jpg 1 2288 1578 74 24
tst/G0025408.jpg 2 1730 1654 108 24 2920 1516 44 16
tst/G0025822.jpg 1 2210 1548 68 14
tst/G0025823.jpg 1 2314 1622 98 18
tst/G0026516.jpg 2 3452 1592 50 16 3218 1498 50 12
tst/G0026519.jpg 1 2388 1580 84 22
tst/G0026520.jpg 2 2356 1632 130 28 2296 1602 58 14
tst/G0026521.jpg 2 2558 1732 192 48 2434 1674 64 18
tst/G0026800.jpg 1 2236 1584 158 30
tst/G0026801.jpg 1 2270 1692 216 52
tst/G0027032.jpg 2 914 1414 100 34 1076 1266 90 16
tst/G0027190.jpg 1 1544 1612 160 48
tst/G0027191.jpg 1 1286 1758 260 68
tst/G0027227.jpg 3 2928 1336 164 38 3062 1642 214 52 3174 1320 244 46
tst/G0027228.jpg 2 2844 1350 194 44 3090 1318 280 52
tst/G0027229.jpg 2 2600 1304 242 50 2848 1246 318 50
tst/G0027230.jpg 2 2344 1438 304 78 2610 1348 370 66
tst/G0027231.jpg 2 2038 1516 410 112 2360 1400 438 78
tst/G0027232.jpg 2 1768 1608 554 102 2178 1400 534 104
tst/G0027233.jpg 1 2084 1500 688 160
tst/G0027279.jpg 3 2156 1586 34 14 1832 1570 118 26 2198 1502 98 18
tst/G0027317.jpg 1 1424 1490 172 44
tst/G0027504.jpg 6 1644 1688 166 34 1788 1714 72 22 1856 1672 150 28 2398 1658 162 36 2456 1618 92 20 2244 1602 62 16
tst/G0027505.jpg 7 2978 1714 208 60 2990 1650 124 28 2700 1622 72 22 2242 1732 202 44 1974 1744 202 60 2186 1794 84 36 1594 1690 68 20
tst/G0027516.jpg 1 1870 1540 80 20
tst/G0027694.jpg 4 1416 1610 62 18 1472 1592 46 12 1590 1552 54 14 2054 1536 46 16
tst/G0027695.jpg 5 2140 1864 152 50 2244 1728 166 50 1000 1870 122 48 1352 1744 104 36 1470 1712 128 66
tst/G0027801.jpg 3 3252 1632 196 78 1794 1550 344 58 2606 1482 130 36
tst/G0027848.jpg 3 2462 1490 64 22 2210 1338 26 14 2246 1354 46 16
tst/G0027851.jpg 2 2384 1284 52 8 2428 1212 54 8
tst/G0027852.jpg 3 1208 1620 102 54 2548 1328 62 12 2502 1216 58 10
tst/G0027853.jpg 1 2830 1412 88 22
tst/G0027856.jpg 2 2920 1236 96 14 1788 1394 58 20
tst/G0027857.jpg 2 1726 1500 94 38 3080 1258 106 14
tst/G0027897.jpg 1 1826 1556 92 30
tst/G0027958.jpg 1 1782 1498 94 22
tst/G0027959.jpg 1 1724 1634 176 70
tst/G0027975.jpg 2 2454 1590 88 32 1696 1556 60 12
tst/G0028158.jpg 4 2314 1938 262 50 2492 1684 186 50 2612 1620 174 50 2746 1898 184 100
tst/G0028193.jpg 1 1890 1196 28 8
tst/G0028194.jpg 1 1878 1204 30 8
tst/G0028195.jpg 1 1864 1206 40 12
tst/G0028196.jpg 1 1862 1218 42 12
tst/G0028197.jpg 1 1854 1228 48 12
tst/G0028198.jpg 1 1844 1256 62 12
tst/G0028199.jpg 1 1822 1290 118 16
tst/G0028200.jpg 1 1876 1360 116 32
tst/G0028278.jpg 2 2358 1622 128 44 1380 1306 96 22
tst/G0028280.jpg 1 1318 1334 118 34
tst/G0028281.jpg 1 1282 1342 138 36
tst/G0028282.jpg 1 1248 1356 130 46
tst/G0028285.jpg 3 978 1436 178 58 1458 1358 82 16 1254 1334 60 22
tst/G0028298.jpg 1 2206 1478 76 22
tst/G0028300.jpg 1 2334 1542 126 24
tst/G0028301.jpg 1 2428 1570 136 30
tst/G0028302.jpg 1 2502 1604 156 38
tst/G0028305.jpg 1 2668 1672 200 60
tst/G0028334.jpg 1 1850 1270 44 10
tst/G0028335.jpg 1 1844 1320 56 10
tst/G0028336.jpg 2 1792 1434 104 20 2054 1264 44 16
tst/G0028393.jpg 4 1324 1562 108 18 1076 1588 80 16 810 1658 58 16 966 1562 98 18
tst/G0028394.jpg 4 1070 1654 62 24 1280 1536 114 16 1400 1570 76 20 1666 1542 110 28
tst/G0028395.jpg 4 1318 1688 62 26 1676 1588 110 24 1570 1538 118 24 2012 1558 122 26
tst/G0028396.jpg 4 1596 1738 72 36 2000 1610 130 30 1870 1550 132 16 2384 1578 142 30
tst/G0028397.jpg 4 1974 1796 104 52 2430 1638 156 24 2876 1598 150 38 2258 1548 138 28
tst/G0028418.jpg 1 1230 1412 228 58
tst/G0028419.jpg 1 1096 1604 222 56
tst/G0028438.jpg 3 2222 1766 420 148 2058 1628 182 56 1968 1520 102 26
tst/G0028439.jpg 2 2184 1792 272 118 2004 1580 136 38
tst/G0028491.jpg 2 2024 1696 322 124 1974 1522 98 26
tst/G0028495.jpg 1 1494 1784 172 52
tst/G0028519.jpg 4 1812 1554 54 14 1616 1510 88 20 1232 1504 94 18 1748 1488 90 26
tst/G0028546.jpg 2 1382 1430 130 34 1510 1390 92 32
tst/G0028547.jpg 2 1092 1520 178 46 1288 1446 118 42
tst/G0028548.jpg 2 880 1580 188 56 1220 1480 114 36
tst/G0028553.jpg 1 1402 1728 82 26
tst/G0028594.jpg 2 2246 1612 68 26 2006 1478 50 16
tst/G0028610.jpg 2 2026 1506 50 20 2340 1618 48 30
tst/G0028615.jpg 1 1856 1520 60 20
tst/G0028616.jpg 1 1824 1676 124 46
tst/G0028689.jpg 1 1856 1594 94 30
tst/G0028717.jpg 2 1242 1468 116 24 1190 1416 134 26
tst/G0028718.jpg 2 1482 1434 166 38 1532 1520 144 32
tst/G0028719.jpg 2 1906 1656 186 46 1814 1498 230 60
tst/G0028818.jpg 3 1628 1772 336 142 2240 1678 276 98 2420 1896 112 40
tst/G0028847.jpg 2 2530 1456 100 46 1950 1296 40 14
tst/G0028897.jpg 4 1754 1568 110 36 2838 1898 94 38 2926 1862 94 30 2136 1508 82 26
tst/G0028899.jpg 1 1314 1598 84 36
tst/G0028953.jpg 1 1840 1376 88 20
tst/G0028954.jpg 1 1782 1532 160 40
tst/G0028959.jpg 1 1936 1334 50 14
tst/G0028960.jpg 1 1938 1410 70 16
tst/G0028972.jpg 1 1884 1450 44 12
tst/G0028994.jpg 2 1978 1448 104 34 1726 1448 136 30
tst/G0028996.jpg 1 1172 1628 280 80
tst/G0028999.jpg 2 872 1818 334 114 1642 1720 266 102
tst/G0029000.jpg 1 2090 1334 74 18
tst/G0029001.jpg 1 2156 1382 96 22
tst/G0029002.jpg 1 2242 1464 118 30
tst/G0029003.jpg 1 2358 1562 128 56
tst/G0029008.jpg 1 2052 1486 144 48
tst/G0029019.jpg 6 1302 1760 244 86 1754 1684 116 32 2424 1822 186 60 2420 1740 106 48 2060 1668 134 32 1892 1570 68 20
tst/G0029059.jpg 1 1712 1522 102 26
tst/G0029061.jpg 1 1692 1708 224 68
tst/G0029080.jpg 2 2466 1358 106 16 2112 1322 72 12
tst/G0029192.jpg 1 1968 1590 64 22
tst/G0029201.jpg 2 1568 1416 76 20 1954 1366 68 16
tst/G0029202.jpg 2 1398 1490 98 40 1958 1410 88 28
tst/G0029212.jpg 1 2174 1550 132 24
tst/G0029213.jpg 2 514 1752 214 46 2276 1592 160 28
tst/G0029214.jpg 2 2448 1664 252 76 2150 1714 114 40
tst/G0029219.jpg 6 2886 1652 148 36 2708 1688 234 46 2642 1630 64 28 3424 1576 196 22 3304 1734 168 50 3576 1492 74 22
tst/G0029261.jpg 1 2148 1652 134 38
tst/G0029311.jpg 1 2020 1476 118 20
tst/G0029312.jpg 2 1924 1584 82 30 1900 1542 48 16
tst/G0029313.jpg 4 1866 1622 72 16 1886 1724 154 64 1932 1818 80 38 2618 1544 86 22
tst/G0029326.jpg 2 2066 1548 54 16 1930 1476 94 20
tst/G0029327.jpg 2 2244 1706 110 52 1972 1524 138 42
tst/G0029328.jpg 1 2092 1648 220 74
tst/G0029349.jpg 1 1980 1330 62 14
tst/G0029350.jpg 1 2018 1400 106 28
tst/G0029358.jpg 1 2178 1494 78 20
tst/G0029393.jpg 1 1822 1612 82 20
tst/G0029394.jpg 3 1730 1802 196 80 1850 1934 60 30 1302 1534 54 22
tst/G0029452.jpg 1 1916 1512 118 22
tst/G0029467.jpg 2 2374 1564 256 60 2982 1578 218 66
tst/G0029508.jpg 1 1888 1300 42 10
tst/G0029528.jpg 1 2114 1676 144 44
tst/G0029660.jpg 4 1846 1550 56 14 1364 1734 80 34 916 1710 118 22 876 1634 148 24
tst/G0029720.jpg 2 1700 1468 242 36 1952 1316 72 20
tst/G0029782.jpg 3 1992 1498 250 48 1646 1480 68 18 1734 1500 74 28
tst/G0029783.jpg 5 2192 1656 440 82 2068 1708 120 42 1682 1496 152 28 1626 1594 170 50 1758 1668 116 40
tst/G0029784.jpg 2 1570 1778 316 144 1708 1540 218 42
tst/G0029789.jpg 3 1284 1694 164 54 1218 1672 120 30 1230 1734 96 34
tst/G0029868.jpg 1 2168 1470 156 44
tst/G0029879.jpg 1 1734 1808 214 94
tst/G0029930.jpg 1 2100 1454 110 46
tst/G0029931.jpg 1 2556 1538 136 70
tst/G0029976.jpg 1 2122 1740 120 62
tst/G0030011.jpg 1 1046 1478 68 30
tst/G0030020.jpg 1 2022 1546 42 12
tst/G0030021.jpg 1 2074 1630 76 28
tst/G0030238.jpg 1 2188 1386 122 30
tst/G0030239.jpg 1 2254 1526 192 64
tst/G0030287.jpg 2 2796 1520 74 18 2572 1528 66 14
tst/G0030288.jpg 2 2638 1584 112 32 2358 1598 96 18
tst/G0030658.jpg 2 1388 1624 48 14 3090 1478 88 18
tst/G0030659.jpg 4 758 1744 64 18 1356 1600 68 18 1010 1578 44 12 3042 1500 112 32
tst/G0030675.jpg 5 512 1898 258 62 900 1776 104 26 1274 1774 52 20 1968 1594 74 26 2534 1550 158 28
tst/G0030677.jpg 3 1988 1790 144 54 2966 1674 244 56 1554 1786 70 32
tst/G0030727.jpg 1 2858 1684 320 82
tst/G0030858.jpg 3 1766 1632 168 26 1868 1688 58 20 1744 1712 88 22
tst/G0030859.jpg 3 1710 1854 130 38 1884 1802 102 38 1760 1698 222 50
tst/G0030956.jpg 1 2102 1656 170 54
tst/G0031214.jpg 1 1634 1622 68 20
tst/G0031215.jpg 1 1440 1744 102 44
tst/G0031400.jpg 1 2096 1534 74 16
tst/G0031401.jpg 1 2160 1594 108 30
tst/G0031402.jpg 1 2398 1746 208 70
tst/G0031943.jpg 1 2034 1602 70 20
tst/G0031944.jpg 2 2076 1678 126 48 2482 1680 92 22
tst/G0031945.jpg 2 2368 1846 208 84 3064 1884 112 36
tst/G0032032.jpg 4 1818 1610 88 24 2256 1572 116 22 2414 1572 98 28 2020 1696 84 20
tst/G0032035.jpg 4 2100 1726 196 64 2910 1638 252 46 3020 1718 114 38 3232 1630 210 62
tst/G0032206.jpg 4 2144 1680 180 36 2350 1662 272 56 2390 1626 84 20 2248 1620 64 16
tst/G0032220.jpg 2 1934 1606 108 32 1904 1538 36 14
tst/G0032221.jpg 3 1910 1728 186 56 1966 1610 46 16 1876 1586 52 18
tst/G0032222.jpg 2 1992 1734 68 22 1850 1672 84 30
tst/G0032233.jpg 2 2316 1650 94 18 1752 1656 102 30
tst/G0032234.jpg 2 2734 1792 162 40 1812 1790 164 60
tst/G0032300.jpg 5 722 1758 258 44 1030 1816 196 38 1842 1668 202 40 2178 1656 298 40 2060 1562 140 30
tst/G0032334.jpg 2 1788 1556 172 22 2096 1522 248 38
tst/G0032335.jpg 3 1656 1536 48 14 1772 1600 238 32 2140 1558 346 46
tst/G0032336.jpg 3 1722 1676 322 46 2210 1600 472 84 1610 1574 72 12
tst/G0032337.jpg 3 1696 1764 426 94 2326 1646 650 120 1580 1606 92 18
tst/G0032338.jpg 5 1532 1642 112 26 1630 1898 558 90 2396 1684 648 126 3054 1758 242 90 2398 1562 132 32
tst/G0032426.jpg 3 2034 1590 68 20 1912 1534 48 14 1910 1550 46 10
tst/G0032427.jpg 3 2144 1696 126 32 1958 1598 44 14 1954 1570 70 20
tst/G0032428.jpg 4 1988 1710 78 24 1982 1648 102 30 2160 1506 36 12 2180 1516 40 10
tst/G0032429.jpg 4 1948 1810 196 76 2166 1532 40 14 2200 1550 42 10 2230 1564 36 10
tst/G0032430.jpg 3 2178 1586 50 14 2222 1602 74 20 2278 1632 56 16
tst/G0032431.jpg 3 2446 1776 90 36 2280 1714 166 40 2234 1670 92 26
tst/G0032435.jpg 2 2180 1638 84 18 1960 1528 52 12
tst/G0032436.jpg 2 2466 1844 148 52 2002 1572 70 18
tst/G0032437.jpg 1 2092 1660 110 28
tst/G0032612.jpg 1 2160 1662 188 58
tst/G0040507.jpg 1 2122 1594 162 50
tst/G0040508.jpg 1 2366 1790 346 152
tst/G0040544.jpg 1 2110 1624 196 64
tst/G0040981.jpg 3 2620 1370 138 34 2860 1412 106 26 3258 1474 158 58
tst/G0040982.jpg 3 3342 1622 148 54 2746 1508 220 36 2402 1438 188 50
tst/G0040983.jpg 1 2134 1560 278 88
tst/G0040986.jpg 2 2212 1646 134 28 2442 1606 66 20
tst/G0040987.jpg 2 2306 1728 168 44 2566 1660 88 30
tst/G0040988.jpg 2 2858 1782 128 52 2552 1902 220 62
tst/G0040995.jpg 1 1870 1660 98 28
tst/G0041019.jpg 4 1510 1820 214 108 1982 1532 102 30 2642 1506 166 52 2424 1512 82 20
tst/G0041021.jpg 3 2400 1624 194 56 3094 1606 102 24 3400 1602 260 68
tst/G0041117.jpg 2 3216 1484 112 20 2274 1474 160 16
tst/G0041147.jpg 3 1396 1680 82 26 1836 1522 110 26 1904 1508 76 18
tst/G0041148.jpg 2 2136 1632 152 40 2194 1606 126 28
tst/G0041149.jpg 2 2668 1710 206 62 2722 1662 156 48
tst/G0041186.jpg 5 2550 1514 52 16 2234 1534 68 16 1970 1536 54 14 1920 1568 74 14 1866 1482 38 12
tst/G0041187.jpg 6 2670 1548 52 20 2320 1574 60 18 2372 1626 76 22 1916 1616 86 26 1968 1572 66 22 1852 1500 36 12
tst/G0041188.jpg 6 1854 1518 40 14 2010 1622 76 24 1932 1702 106 30 2440 1632 76 22 2548 1718 110 36 2858 1592 70 22
tst/G0041189.jpg 7 1894 1848 160 48 2780 1884 164 40 2520 1724 158 38 3072 1660 92 28 1996 1706 104 36 2300 1680 86 26 1812 1546 44 12
tst/G0041190.jpg 4 1968 1864 166 60 2424 1828 98 46 2114 1700 54 18 1742 1584 54 14
tst/G0041191.jpg 2 2234 1906 86 22 1696 1676 58 22
tst/G0041234.jpg 1 2232 1672 64 34
tst/G0041235.jpg 2 2480 1858 90 50 2044 1476 140 18
tst/G0041236.jpg 1 2096 1482 290 46
tst/G0041237.jpg 1 2186 1512 378 60
tst/G0041238.jpg 1 2320 1562 550 120
tst/G0041239.jpg 1 2596 1716 514 182
tst/G0041437.jpg 1 2242 1706 132 38
tst/G0041486.jpg 2 2694 1498 106 20 1828 1478 162 20
tst/G0041487.jpg 3 1372 1606 196 54 1446 1536 210 18 2636 1524 120 26
tst/G0041488.jpg 2 2608 1670 182 54 808 1634 312 46
tst/G0041505.jpg 1 2176 1602 88 18
tst/G0041509.jpg 2 1736 1710 90 30 2026 1658 134 24
tst/G0041758.jpg 1 1978 1532 76 24
tst/G0041759.jpg 1 2180 1812 198 106
tst/G0041796.jpg 1 1816 1390 46 24
tst/G0041809.jpg 2 1382 1268 20 12 2180 1364 50 12
tst/G0041810.jpg 3 1024 1306 30 10 1960 1436 72 24 2720 1444 96 24
tst/G0041811.jpg 3 556 1372 28 10 1548 1638 124 52 2714 1578 104 44
tst/G0041853.jpg 1 1778 1518 42 12
tst/G0041939.jpg 1 2266 1694 294 150
tst/G0041940.jpg 2 2126 1572 160 30 2038 1500 76 20
tst/G0041941.jpg 1 2258 1670 226 60
tst/G0043164.jpg 1 3184 1560 62 20
tst/G0043165.jpg 2 3448 1594 82 24 1844 1538 56 12
tst/G0052003.jpg 3 1140 1248 64 22 2960 1326 54 14 2820 1314 34 14
tst/G0052005.jpg 4 866 1298 68 26 3066 1368 38 12 3230 1374 64 18 3462 1396 36 12
tst/G0052122.jpg 1 2884 1344 78 14
tst/G0052123.jpg 1 3280 1388 76 20
tst/G0052162.jpg 1 822 1306 52 12
tst/G0052163.jpg 1 1142 1360 68 14
tst/G0052164.jpg 1 1440 1362 80 18
tst/G0052165.jpg 2 1956 1514 92 38 1656 1374 98 30
tst/G0052166.jpg 1 1756 1468 140 60
tst/G0052683.jpg 2 1928 1336 48 16 1874 1280 42 16
tst/G0052684.jpg 4 1224 1618 86 32 1808 1444 44 20 1918 1422 78 22 1846 1316 64 12
tst/G0052686.jpg 1 1774 1542 146 50
tst/G0052689.jpg 2 1908 1384 40 10 1894 1280 36 10
tst/G0052766.jpg 1 1880 1364 76 22
tst/G0052767.jpg 1 1856 1536 156 56
tst/G0052778.jpg 2 1542 1444 78 32 1690 1356 82 22
tst/G0052779.jpg 2 1488 1540 160 60 1822 1286 40 10
tst/G0053102.jpg 1 2788 1334 88 24
tst/G0053103.jpg 1 3356 1452 154 36
tst/G0053299.jpg 1 1584 1592 102 48
tst/G0054294.jpg 2 1562 1538 66 16 1670 1374 84 16
tst/G0063926.jpg 1 1632 1376 124 32
tst/G0063927.jpg 1 1274 1454 176 70
tst/G0064103.jpg 2 1986 1538 144 60 1846 1576 120 38
tst/G0064146.jpg 1 2060 1310 54 14
tst/G0064186.jpg 1 1704 1348 64 14
tst/G0064187.jpg 1 1560 1598 174 76
tst/G0064307.jpg 1 2022 1468 96 28
tst/G0064315.jpg 1 1616 1600 36 30
tst/G0064409.jpg 4 1792 1374 132 64 1814 1320 66 20 1938 1316 68 16 1928 1194 32 10
tst/G0064410.jpg 4 1696 1542 182 146 1998 1544 174 58 1954 1198 34 12 2156 1242 38 16
tst/G0064411.jpg 2 2308 1338 70 20 1964 1240 52 16
tst/G0064412.jpg 1 2016 1310 86 26
tst/G0064413.jpg 2 2158 1450 156 68 2094 1262 56 12
tst/G0064414.jpg 5 2156 1322 110 18 2002 1298 84 16 1930 1244 38 12 1954 1230 40 12 1900 1210 42 14
tst/G0064415.jpg 6 2400 1426 182 64 2058 1378 226 42 1952 1250 40 14 1970 1228 54 14 1774 1202 46 12 1862 1194 84 16
tst/G0064416.jpg 5 1946 1298 60 22 1970 1260 76 14 1910 1242 54 18 1708 1218 60 10 1828 1208 110 18
tst/G0064417.jpg 6 1904 1422 92 36 1940 1318 108 20 1852 1288 62 16 1598 1242 82 14 1736 1226 128 12 1824 1238 60 10
tst/G0064418.jpg 6 1870 1436 208 72 2222 1412 72 38 1754 1354 86 38 1432 1264 100 26 1618 1238 162 20 1740 1256 70 16
tst/G0064419.jpg 4 1478 1640 198 72 1166 1346 140 28 1606 1334 112 26 1462 1296 222 28
tst/G0064420.jpg 3 546 1536 276 88 1356 1476 186 82 1190 1392 338 68
tst/G0064426.jpg 1 1878 1310 54 14
tst/G0064427.jpg 1 1852 1428 72 14
tst/G0064428.jpg 2 1750 1636 162 54 1878 1324 40 12
tst/G0064429.jpg 2 1812 1444 68 18 2044 1256 50 12
tst/G0064430.jpg 1 2062 1284 52 12
tst/G0064431.jpg 2 2088 1320 72 16 2020 1248 50 10
tst/G0064432.jpg 2 2204 1432 118 34 2042 1274 62 16
tst/G0064433.jpg 1 2096 1320 74 18
tst/G0064434.jpg 1 2202 1432 142 44
tst/G0064438.jpg 3 2048 1308 80 14 2056 1258 52 10 1996 1242 44 12
tst/G0064439.jpg 3 2114 1356 116 24 2088 1268 70 14 2010 1244 66 12
tst/G0064440.jpg 5 2210 1464 222 60 2136 1290 78 18 2032 1252 72 16 1990 1230 60 14 2218 1258 38 12
tst/G0064441.jpg 4 2194 1344 110 26 2276 1292 40 14 2036 1282 90 16 1978 1250 68 14
tst/G0064442.jpg 4 2326 1418 150 54 2362 1320 66 18 2058 1304 114 20 1976 1258 92 16
tst/G0064443.jpg 4 2632 1632 294 72 2512 1388 108 32 2102 1366 158 34 1990 1288 100 18
tst/G0064444.jpg 3 2856 1516 172 74 2206 1470 248 62 1996 1320 146 24
tst/G0064445.jpg 2 2038 1358 188 40 2160 1248 48 12
tst/G0064446.jpg 2 2122 1496 280 80 2224 1296 50 20
tst/G0064447.jpg 1 2320 1312 70 26
tst/G0064448.jpg 1 2444 1346 96 22
tst/G0064449.jpg 1 2604 1440 162 40
tst/G0064450.jpg 1 2978 1632 286 106
tst/G0064451.jpg 1 2240 1294 42 14
tst/G0064452.jpg 1 2300 1356 52 14
tst/G0064453.jpg 1 2448 1410 78 26
tst/G0064454.jpg 1 2836 1580 146 52
tst/G0064461.jpg 1 1932 1324 48 14
tst/G0064462.jpg 1 1950 1394 92 26
tst/G0064489.jpg 4 2522 1366 168 40 2268 1428 178 54 2106 1374 184 58 2536 1514 148 38
tst/G0064490.jpg 4 2296 1492 318 134 2118 1516 154 68 2726 1610 214 90 2892 1462 242 78
tst/G0064511.jpg 2 1920 1400 138 38 2744 1384 120 28
tst/G0064517.jpg 5 1898 1260 110 18 1948 1238 128 14 2100 1230 96 18 2238 1248 44 8 2182 1228 58 12
tst/G0064518.jpg 4 1920 1284 128 26 1968 1254 140 24 2158 1240 170 24 2350 1272 50 14
tst/G0064519.jpg 4 2016 1332 202 38 2068 1282 212 48 2326 1270 230 32 2622 1314 78 30
tst/G0064520.jpg 7 2202 1432 284 80 2236 1338 276 84 2588 1318 306 56 3088 1422 150 48 2242 1290 62 16 2146 1344 66 16 2650 1282 84 24
tst/G0064521.jpg 6 2442 1406 424 102 2600 1510 248 80 2946 1378 410 128 2918 1326 116 34 2386 1332 90 18 2306 1422 84 26
tst/G0064522.jpg 8 2544 1644 160 42 2802 1600 748 168 2538 1414 146 34 2924 1326 74 20 3286 1406 198 56 2190 1220 46 10 2272 1234 52 16 2382 1238 46 12
tst/G0064523.jpg 6 2922 1648 260 82 3280 1434 92 36 2908 1348 90 20 2398 1282 52 12 2274 1278 62 16 2158 1252 44 12
tst/G0064524.jpg 6 3248 1488 138 40 2424 1340 76 24 2266 1330 78 24 2256 1310 64 18 2092 1286 66 16 2034 1326 36 16
tst/G0064525.jpg 8 2180 1544 94 36 3398 1600 104 56 2568 1472 128 34 2330 1436 130 40 2296 1400 90 26 2056 1350 108 22 1990 1418 58 32 2010 1292 30 12
tst/G0064526.jpg 6 2506 1606 246 126 2362 1490 142 56 1892 1542 112 68 1984 1388 138 40 1916 1280 36 14 2054 1274 32 12
tst/G0064527.jpg 5 1188 1632 108 40 1908 1496 210 96 1812 1298 38 14 1982 1286 30 12 2054 1256 14 6
tst/G0064528.jpg 3 1706 1342 56 18 1926 1316 48 12 2008 1266 30 12
tst/G0064529.jpg 3 1704 1396 76 26 2000 1350 60 18 2096 1278 22 12
tst/G0064530.jpg 4 1734 1548 146 66 2204 1454 92 34 2290 1332 24 14 2204 1280 24 12
tst/G0064532.jpg 3 2852 1520 110 52 2484 1354 48 20 1894 1504 78 26
tst/G0064533.jpg 1 2776 1474 90 48
tst/G0064535.jpg 4 2892 1428 64 20 2388 1424 56 20 1964 1256 42 14 2218 1266 34 16
tst/G0064536.jpg 2 2294 1322 40 16 1956 1298 50 12
tst/G0064538.jpg 2 2748 1494 124 60 1876 1378 116 38
tst/G0064543.jpg 2 2600 1494 122 54 1912 1322 72 14
tst/G0064544.jpg 2 1890 1420 122 30 1872 1232 30 10
tst/G0064546.jpg 1 1892 1252 38 10
tst/G0064547.jpg 1 1894 1246 52 16
tst/G0064548.jpg 1 1886 1292 74 22
tst/G0064549.jpg 2 2366 1412 50 20 1882 1350 94 34
tst/G0064550.jpg 1 1816 1454 192 106
tst/G0064556.jpg 1 1874 1356 38 12
tst/G0064557.jpg 1 1834 1506 68 32
tst/G0064558.jpg 1 2002 1336 44 14
tst/G0064559.jpg 4 2096 1558 96 46 2362 1392 88 18 2206 1280 36 16 2188 1312 44 14
tst/G0064560.jpg 3 2370 1402 62 14 2322 1314 66 20 1894 1258 56 14
tst/G0064561.jpg 3 2538 1460 124 48 1800 1318 92 16 1698 1268 84 16
tst/G0064562.jpg 4 1656 1460 140 46 1060 1450 116 52 1386 1420 68 24 1548 1356 116 22
tst/G0064574.jpg 3 1092 1446 110 50 1408 1412 70 24 1598 1364 166 58
tst/G0064575.jpg 3 966 1614 128 60 1334 1496 278 130 1680 1276 56 14
tst/G0064576.jpg 1 1650 1308 72 10
tst/G0064577.jpg 1 1596 1416 110 26
tst/G0064581.jpg 1 1870 1370 102 30
tst/G0064582.jpg 2 1824 1580 198 74 3038 1594 146 64
tst/G0064589.jpg 1 2496 1370 86 24
tst/G0064590.jpg 1 3194 1618 168 66
tst/G0064611.jpg 3 1772 1498 42 20 1692 1460 62 26 1808 1456 40 18
tst/G0064617.jpg 1 1816 1398 54 20
tst/G0064621.jpg 1 1584 1484 112 40
tst/G0064627.jpg 2 2432 1400 56 18 2040 1278 46 10
tst/G0064628.jpg 1 1992 1350 66 16
tst/G0064631.jpg 1 2246 1356 94 28
tst/G0064702.jpg 3 2968 1566 100 42 2390 1410 50 22 2278 1362 36 20
tst/G0064710.jpg 1 2748 1484 138 46
tst/G0064714.jpg 2 2266 1468 170 64 2096 1286 42 12
tst/G0064715.jpg 1 2288 1358 74 24
tst/G0064716.jpg 1 2178 1354 50 18
tst/G0064717.jpg 1 2474 1500 114 48
tst/G0064722.jpg 2 2156 1258 36 18 1930 1246 28 10
tst/G0064723.jpg 2 2244 1294 50 18 1912 1270 48 14
tst/G0064724.jpg 3 2452 1396 142 44 1924 1330 60 18 1860 1294 32 14
tst/G0064725.jpg 2 1966 1592 172 96 1842 1444 64 28
tst/G0064738.jpg 1 2096 1308 118 28
tst/G0064739.jpg 2 2292 1484 296 108 1448 1292 100 24
tst/G0064743.jpg 1 1582 1480 50 36
tst/G0064754.jpg 2 2678 1512 76 36 1902 1280 64 20
tst/G0064755.jpg 1 1880 1420 122 48
tst/G0064779.jpg 1 2090 1284 52 18
tst/G0064780.jpg 2 2274 1394 86 24 2848 1558 62 34
tst/G0064784.jpg 1 1956 1368 64 22
tst/G0064795.jpg 1 1890 1264 62 10
tst/G0064796.jpg 1 1888 1318 100 22
tst/G0064797.jpg 1 1870 1468 198 48
tst/G0064805.jpg 1 1886 1276 102 26
tst/G0064806.jpg 1 1854 1340 168 38
tst/G0064807.jpg 1 1728 1620 428 78
tst/G0064808.jpg 1 1926 1242 44 18
tst/G0064809.jpg 1 1900 1270 48 14
tst/G0064810.jpg 1 1884 1342 76 20
tst/G0064811.jpg 1 1870 1530 154 54
tst/G0064822.jpg 2 2442 1580 146 52 1930 1310 40 18
tst/G0064823.jpg 1 1972 1438 82 24
tst/G0064850.jpg 2 2380 1472 108 26 2214 1280 44 14
tst/G0064859.jpg 1 1948 1386 116 24
tst/G0064860.jpg 1 1760 1346 42 22
tst/G0064861.jpg 1 1738 1554 84 72
tst/G0064865.jpg 1 1918 1334 58 16
tst/G0064866.jpg 3 1938 1458 114 48 1892 1348 44 18 1872 1264 44 14
tst/G0064867.jpg 5 1910 1564 94 52 2260 1370 66 16 3010 1562 188 80 1884 1320 70 20 2006 1324 98 16
tst/G0064868.jpg 3 1908 1408 104 30 2658 1566 130 50 2120 1418 138 30
tst/G0064970.jpg 1 1700 1312 82 28
tst/G0064971.jpg 1 1604 1324 124 40
tst/G0064972.jpg 1 1486 1394 140 60
tst/G0064973.jpg 1 1216 1534 242 128
tst/G0065273.jpg 2 1680 1330 296 36 2026 1284 58 14
tst/G0065274.jpg 2 1568 1420 426 68 2004 1328 128 18
tst/G0065656.jpg 2 1958 1284 56 12 2048 1286 168 16
tst/G0065657.jpg 2 1998 1346 72 18 2124 1352 238 32
tst/G0065658.jpg 2 2102 1474 120 36 2324 1492 454 76
tst/G0065757.jpg 1 1844 1390 92 24
tst/G0065795.jpg 4 1136 1584 210 78 1408 1486 164 32 1592 1500 248 34 1942 1498 266 58
tst/G0066252.jpg 1 2276 1350 44 16
tst/G0066549.jpg 3 1730 1396 226 38 1648 1344 98 24 1388 1332 74 18
tst/G0066550.jpg 5 1682 1516 328 68 1586 1418 138 36 1272 1380 112 34 2258 1414 126 36 1958 1286 42 8
tst/G0066553.jpg 5 2272 1388 80 32 2138 1416 64 18 2126 1326 34 12 2108 1298 58 16 1614 1350 50 16
tst/G0066554.jpg 5 2454 1438 110 48 2276 1478 112 30 2212 1338 64 18 2198 1304 70 16 1620 1366 72 20
tst/G0066574.jpg 3 1370 1548 206 66 1418 1414 82 18 1608 1324 50 24
tst/G0066702.jpg 1 2386 1484 156 68
tst/G0066817.jpg 1 1886 1484 168 52
tst/G0066877.jpg 2 2090 1396 174 44 2238 1296 64 22
tst/G0066878.jpg 3 2176 1500 252 62 2298 1332 88 28 3476 1320 180 24
tst/G0066880.jpg 1 2830 1470 148 32
tst/G0066910.jpg 2 1938 1368 78 16 1920 1346 66 20
tst/G0066915.jpg 1 2184 1368 58 16
tst/G0066916.jpg 1 2318 1470 94 30
tst/G0066919.jpg 1 2492 1388 100 26
tst/G0066920.jpg 1 2922 1558 168 50
tst/G0066924.jpg 2 2550 1408 142 26 1902 1382 66 40
tst/G0066930.jpg 5 1866 1366 84 22 2762 1446 118 32 2158 1308 50 16 1888 1276 38 12 1912 1260 38 14
tst/G0066932.jpg 3 2480 1490 144 54 1884 1370 70 24 1910 1332 56 18
tst/G0066937.jpg 1 2174 1344 60 20
tst/G0066938.jpg 1 2332 1464 106 46
tst/G0066939.jpg 2 2236 1352 66 18 1842 1236 34 10
tst/G0066940.jpg 2 2398 1458 132 40 1836 1250 28 10
tst/G0066942.jpg 1 1796 1310 54 18
tst/G0066943.jpg 1 1790 1352 74 22
tst/G0066950.jpg 3 1966 1446 140 38 2018 1644 92 40 3024 1442 52 20
tst/G0066982.jpg 1 2044 1274 30 10
tst/G0066983.jpg 1 2104 1292 44 12
tst/G0066984.jpg 1 2156 1316 60 14
tst/G0066986.jpg 2 2416 1500 138 42 2230 1302 48 16
tst/G0066987.jpg 1 2310 1344 66 24
tst/G0066988.jpg 1 2464 1450 98 32
tst/G0067002.jpg 2 1850 1450 174 46 2794 1466 98 32
tst/G0067006.jpg 1 1876 1354 48 10
tst/G0067007.jpg 1 1858 1424 90 20
tst/G0067011.jpg 1 2286 1394 72 20
tst/G0067012.jpg 1 2596 1596 144 52
tst/G0067043.jpg 2 1168 1384 162 32 2334 1446 138 40
tst/G0067044.jpg 2 2584 1536 184 58 1134 1424 190 38
tst/G0067045.jpg 1 1062 1470 230 62
tst/G0067046.jpg 1 736 1562 280 78
tst/G0067056.jpg 2 1842 1432 180 36 2348 1420 134 24
tst/G0067057.jpg 2 1772 1556 238 52 2460 1522 180 50
tst/G0067062.jpg 3 1794 1352 120 20 1678 1392 58 24 2180 1350 46 18
tst/G0067063.jpg 3 1468 1472 98 46 1708 1394 132 34 2190 1396 66 22
tst/G0067064.jpg 2 1618 1512 208 46 2328 1508 110 36
tst/G0067069.jpg 1 2414 1498 98 36
tst/G0067083.jpg 1 2406 1462 286 70
tst/G0073531.jpg 1 1446 1704 256 38
tst/G0073819.jpg 3 1732 1764 118 24 2452 1774 64 24 1122 1748 78 26
tst/G0073831.jpg 1 1672 1514 38 10
tst/G0073832.jpg 1 1700 1544 46 12
tst/G0073833.jpg 1 1676 1580 86 24
tst/G0073838.jpg 1 1598 1724 112 26
tst/G0073887.jpg 1 1404 1578 76 16
tst/G0073888.jpg 1 1372 1688 114 28
tst/G0074083.jpg 1 2070 1528 98 16
tst/G0074084.jpg 1 2170 1620 164 32
tst/G0078039.jpg 1 1362 1494 170 54
tst/G0084373.jpg 1 1946 1632 82 22
tst/G0084374.jpg 1 2362 1658 108 24
tst/G0084375.jpg 1 2832 1702 156 52
tst/G0084390.jpg 1 1824 1566 138 32
tst/G0088140.jpg 2 1894 1328 98 26 2350 1510 130 52
tst/G0088141.jpg 2 1882 1476 188 80 1720 1426 318 46
tst/G0088174.jpg 2 2180 1358 104 42 2112 1328 46 8
tst/G0088797.jpg 7 1184 1270 146 26 1676 1382 252 42 2266 1304 250 40 2312 1374 146 40 2822 1396 126 30 2898 1370 134 18 3502 1434 96 34
tst/G0088813.jpg 3 944 1464 60 20 2254 1392 212 108 2100 1296 38 14
tst/G0088814.jpg 3 722 1544 86 36 2404 1464 330 166 2160 1318 48 10
tst/G0088817.jpg 2 2524 1446 106 30 2164 1296 96 14
tst/G0088818.jpg 3 2784 1576 152 68 2310 1414 118 42 2200 1328 112 16
tst/G0088819.jpg 3 2460 1512 194 68 2418 1464 108 30 2264 1360 124 30
tst/G0088820.jpg 2 2712 1622 116 64 2378 1414 166 52
tst/G0088821.jpg 2 2656 1550 292 116 1896 1278 46 10
tst/G0088824.jpg 1 1934 1364 88 16
tst/G0088825.jpg 3 1936 1422 116 32 1756 1256 48 6 1820 1264 36 8
tst/G0088826.jpg 3 1938 1548 170 54 1726 1258 60 10 1800 1266 40 10
tst/G0089236.jpg 4 1582 1430 112 26 1858 1320 164 38 2346 1290 44 8 1368 1254 96 24
tst/G0089361.jpg 4 3140 1640 174 84 2868 1516 54 30 2548 1384 104 26 2286 1270 66 16
tst/G0089362.jpg 2 2860 1516 192 52 2336 1290 80 28
tst/G0089363.jpg 1 2410 1324 116 40
tst/G0089364.jpg 1 2558 1428 194 50
tst/G0089753.jpg 1 2062 1314 48 16
tst/G0089838.jpg 7 1112 1306 68 14 1200 1374 146 42 1574 1390 48 16 1864 1442 108 20 2096 1432 166 34 2434 1642 100 36 1764 1338 64 12
tst/G0089865.jpg 4 2364 1360 78 18 2402 1336 24 16 2454 1322 66 10 3308 1342 160 32
tst/G0089866.jpg 4 2404 1390 98 24 2436 1360 24 16 2490 1340 74 14 3398 1362 180 32
tst/G0089867.jpg 4 2462 1408 120 24 2494 1372 60 18 2548 1348 74 14 3518 1368 156 42
tst/G0089868.jpg 3 2518 1428 134 30 2546 1386 54 20 2602 1358 78 18
tst/G0089869.jpg 3 2572 1454 140 30 2596 1404 60 24 2648 1376 84 16
tst/G0089870.jpg 3 2644 1498 150 40 2664 1442 64 28 2712 1404 82 24
tst/G0089871.jpg 3 2792 1564 170 52 2788 1494 68 34 2832 1444 100 32
tst/G0089872.jpg 3 3132 1700 208 52 3056 1578 112 54 3070 1508 114 34
tst/G0090264.jpg 1 1774 1314 92 26
tst/G0090266.jpg 1 1974 1394 456 46
tst/G0090267.jpg 1 2146 1452 584 74
tst/G0090296.jpg 1 1892 1388 96 22
tst/G0090297.jpg 2 1648 1454 118 38 1924 1300 46 12
tst/G0090300.jpg 2 1460 1398 154 36 1668 1396 144 38
tst/G0090301.jpg 2 1224 1492 222 56 1504 1494 218 60
tst/G0090352.jpg 2 2306 1392 84 24 1908 1454 96 28
tst/G0090353.jpg 2 2196 1592 168 54 2704 1480 122 38
tst/G0090374.jpg 1 2400 1382 112 32
tst/G0090375.jpg 1 2776 1516 160 50
tst/G0090380.jpg 3 2892 1430 108 26 2202 1462 78 28 1174 1292 86 14
tst/G0090385.jpg 4 2084 1372 182 32 1896 1328 66 18 1830 1298 62 16 2424 1290 40 12
tst/G0090431.jpg 3 2496 1374 110 28 2710 1386 58 18 3070 1348 100 20
tst/G0090432.jpg 3 2214 1408 134 24 2462 1408 86 28 2832 1344 122 20
tst/G0090452.jpg 3 2410 1376 88 20 2330 1380 46 14 1846 1300 50 10
tst/G0090453.jpg 3 2638 1484 150 34 2536 1498 62 20 1822 1346 74 12
tst/G0090454.jpg 1 1806 1424 84 16
tst/G0090455.jpg 1 1766 1502 128 34
tst/G0090472.jpg 2 2412 1392 70 14 2040 1312 54 16
tst/G0090473.jpg 2 2840 1574 130 44 2110 1370 82 26
tst/G0090474.jpg 1 2318 1562 160 66
tst/G0094403.jpg 1 1852 1546 66 16
tst/G0094406.jpg 2 1586 1874 238 80 2114 1548 64 20
tst/G0094407.jpg 1 2170 1608 94 26
tst/G0094408.jpg 1 2342 1758 170 44
tst/G0094422.jpg 2 1642 1604 230 26 2108 1520 76 22
tst/G0094423.jpg 3 1374 1720 338 48 2036 1582 108 16 2010 1556 36 10
tst/G0094424.jpg 2 1988 1652 158 34 1948 1614 40 12
tst/G0094425.jpg 2 1958 1808 258 56 1900 1710 64 18
tst/G0094447.jpg 3 2368 1762 64 16 2098 1586 94 22 2044 1510 32 12
tst/G0094448.jpg 2 2176 1642 128 34 2084 1534 56 12
tst/G0094449.jpg 2 2438 1732 192 68 2218 1534 64 16
tst/G0094451.jpg 1 2732 1658 118 30
tst/G0094454.jpg 1 2198 1512 60 12
tst/G0094455.jpg 2 2706 1566 328 56 2206 1542 78 14
tst/G0094456.jpg 2 3034 1628 566 116 2270 1590 94 18
tst/G0094457.jpg 2 2406 1736 156 40 2166 1540 56 14
tst/G0094458.jpg 4 2866 1618 66 18 2888 1594 48 14 2694 1566 68 16 2190 1566 90 18
tst/G0094459.jpg 5 3418 1770 110 28 3358 1706 88 34 2996 1648 104 20 2282 1654 130 30 2260 1604 46 14
tst/G0094461.jpg 1 2054 1550 52 14
tst/G0094478.jpg 1 1894 1644 96 16
tst/G0094479.jpg 1 1874 1794 140 36
tst/G0094482.jpg 1 1890 1530 46 14
tst/G0094483.jpg 1 1902 1558 46 10
tst/G0094484.jpg 2 1798 1614 44 16 1908 1604 62 18
tst/G0094485.jpg 2 1930 1718 108 28 1748 1722 64 50
tst/G0094499.jpg 1 2200 1738 104 34
tst/G0101486.jpg 1 2232 1544 126 34
tst/G0104410.jpg 1 2090 1510 74 24
tst/G0104511.jpg 1 1570 1694 140 38
tst/G0104512.jpg 1 1652 1758 176 44
tst/G0104513.jpg 1 1702 1830 206 64
tst/G0104533.jpg 2 1718 1848 138 48 2994 1664 78 22
tst/G0111596.jpg 3 972 1520 248 54 806 1530 98 38 700 1602 98 26
tst/G0114439.jpg 1 1606 1484 170 28
tst/G0114677.jpg 4 850 1626 122 16 3004 1636 122 26 3298 1660 62 16 3482 1512 170 24
tst/G0114702.jpg 2 1996 1736 310 70 2020 1594 220 26
tst/G0114703.jpg 1 2106 1720 356 50
tst/G0114705.jpg 4 1996 1590 68 18 1996 1556 74 14 2032 1542 42 10 1140 1766 270 52
tst/G0114706.jpg 3 1944 1678 114 30 1932 1608 118 24 1992 1582 56 12
tst/G0114707.jpg 3 1828 1880 262 92 1880 1718 168 62 1938 1662 110 30
tst/G0114710.jpg 5 2024 1926 218 56 2232 1736 80 20 2286 1672 100 26 2114 1622 68 18 2172 1544 58 16
tst/G0114816.jpg 2 1900 1670 94 24 2018 1662 114 26
tst/G0114949.jpg 2 1954 1706 120 30 2118 1712 84 20
tst/G0114950.jpg 3 1910 1848 202 46 2166 1864 118 30 2512 1816 288 90
tst/G0114964.jpg 1 1888 1546 54 10
tst/G0114965.jpg 1 1824 1576 60 18
tst/G0131802.jpg 1 2070 1482 48 10
tst/G0131803.jpg 1 2588 1760 132 58
tst/G0134494.jpg 1 1860 1436 62 14
tst/G0134507.jpg 3 2484 1604 68 26 2636 1508 62 22 2078 1356 36 14
tst/G0134598.jpg 1 1826 1568 88 28
tst/G0145164.jpg 2 1000 1636 60 16 1306 1588 110 16
tst/G0145165.jpg 2 1512 1616 130 26 1054 1696 94 30
tst/G0145166.jpg 2 1022 1850 172 68 1816 1710 194 42
tst/G0145175.jpg 1 1738 1592 122 22
tst/G0145176.jpg 1 1640 1648 148 24
tst/G0307782.jpg 2 2718 1682 188 54 2214 1432 80 22
tst/G0325472.jpg 1 2092 1404 56 12
tst/G0325473.jpg 1 2224 1494 68 14
tst/G0325474.jpg 1 3002 1696 102 32
tst/G0335487.jpg 1 2054 1374 30 12
tst/G0335488.jpg 1 2086 1390 30 8
tst/G0335489.jpg 1 2122 1420 42 12
tst/G0335490.jpg 1 2178 1478 44 16
tst/G0335491.jpg 2 2296 1578 76 24 2548 1416 38 10
tst/G0459766.jpg 4 2318 1576 102 28 2190 1474 80 20 2044 1380 50 14 2022 1364 28 8
tst/G0459767.jpg 2 2496 1672 124 38 2108 1436 66 16
tst/G0459768.jpg 2 2248 1540 138 38 2172 1468 50 22
tst/G9028413.jpg 1 1728 1656 174 60
tst/G9028754.jpg 1 2132 1720 82 28
tst/G9028898.jpg 4 1670 1766 218 118 1894 1660 84 22 2192 1558 46 14 2320 1600 138 52
tst/G9029451.jpg 1 1906 1472 90 18
