0 0.671667 0.615000 0.263333 0.196667
0 0.328333 0.855000 0.436667 0.276667
0 0.805000 0.940000 0.330000 0.120000
0 0.921667 0.748333 0.156667 0.136667
0 0.345000 0.458333 0.390000 0.163333
0 0.690000 0.386667 0.153333 0.066667
0 0.880000 0.440000 0.140000 0.100000
0 0.975000 0.516667 0.050000 0.060000
0 0.630000 0.186667 0.153333 0.053333
0 0.485000 0.281667 0.190000 0.063333
0 0.405000 0.221667 0.083333 0.036667
0 0.220000 0.231667 0.193333 0.070000
0 0.696667 0.128333 0.100000 0.036667
0 0.590000 0.110000 0.133333 0.040000
0 0.343333 0.160000 0.246667 0.066667
0 0.753333 0.071667 0.180000 0.070000
0 0.571667 0.346667 0.136667 0.053333
0 0.691667 0.285000 0.063333 0.036667
0 0.045000 0.713333 0.083333 0.106667
