0 0.650240 0.849359 0.137019 0.166667
0 0.427885 0.735577 0.235577 0.144231
0 0.574519 0.644231 0.134615 0.070513
0 0.426683 0.610577 0.127404 0.060897
0 0.088942 0.668269 0.173077 0.099359
0 0.137019 0.584936 0.115385 0.054487
0 0.188702 0.533654 0.141827 0.054487
0 0.421875 0.514423 0.098558 0.067308
0 0.548077 0.568910 0.110577 0.067308
0 0.729567 0.527244 0.117788 0.054487
0 0.620192 0.479167 0.177885 0.060897
0 0.246394 0.469551 0.079327 0.041667
0 0.313702 0.437500 0.084135 0.035256
0 0.524038 0.431090 0.091346 0.041667
0 0.516827 0.391026 0.081731 0.032051
0 0.364183 0.379808 0.069712 0.028846
0 0.270433 0.405449 0.137019 0.035256
0 0.544471 0.344551 0.079327 0.028846
0 0.606971 0.338141 0.050481 0.035256
0 0.841346 0.333333 0.192308 0.128205
0 0.399038 0.338141 0.120192 0.067308
