0 0.283333 0.646667 0.412500 0.266667
0 0.255208 0.420000 0.077083 0.040000
0 0.136458 0.901667 0.127083 0.196667
0 0.641667 0.718333 0.141667 0.143333
0 0.694792 0.875000 0.085417 0.136667
0 0.812500 0.828333 0.120833 0.143333
0 0.829167 0.666667 0.162500 0.120000
0 0.880208 0.558333 0.235417 0.143333
0 0.713542 0.460000 0.085417 0.080000
0 0.771875 0.401667 0.131250 0.070000
0 0.602083 0.543333 0.145833 0.146667
0 0.481250 0.425000 0.070833 0.070000
0 0.950000 0.796667 0.100000 0.133333
0 0.494792 0.735000 0.064583 0.110000
