0 0.552500 0.891667 0.120000 0.123333
0 0.371250 0.935000 0.162500 0.063333
0 0.285000 0.553333 0.095000 0.073333
0 0.548750 0.510000 0.132500 0.073333
0 0.242500 0.736667 0.115000 0.080000
0 0.373750 0.750000 0.102500 0.073333
0 0.312500 0.670000 0.070000 0.053333
0 0.105000 0.600000 0.115000 0.053333
0 0.048750 0.525000 0.092500 0.063333
0 0.306250 0.846667 0.137500 0.086667
0 0.761250 0.558333 0.192500 0.090000
0 0.943750 0.553333 0.062500 0.106667
0 0.681250 0.453333 0.132500 0.080000
0 0.520000 0.383333 0.110000 0.086667
0 0.462500 0.348333 0.100000 0.050000
0 0.183750 0.466667 0.117500 0.066667
0 0.283750 0.446667 0.062500 0.046667
