0 0.274038 0.711712 0.144231 0.061261
0 0.429087 0.802703 0.223558 0.153153
0 0.325721 0.620721 0.156250 0.041441
0 0.371394 0.510811 0.050481 0.048649
0 0.331731 0.461261 0.134615 0.046847
0 0.326923 0.427027 0.110577 0.039640
0 0.681490 0.573874 0.112981 0.041441
0 0.862981 0.653153 0.096154 0.066667
0 0.650240 0.695495 0.088942 0.072072
0 0.649038 0.939640 0.283654 0.120721
0 0.938702 0.525225 0.122596 0.063063
0 0.522837 0.415315 0.069712 0.059459
0 0.872596 0.466667 0.076923 0.039640
0 0.905048 0.426126 0.074519 0.030631
