0 0.416250 0.483333 0.392500 0.306667
0 0.155000 0.810000 0.305000 0.213333
0 0.830000 0.518333 0.250000 0.123333
0 0.832500 0.636667 0.250000 0.133333
0 0.796250 0.813333 0.217500 0.253333
0 0.696250 0.381667 0.262500 0.123333
0 0.667500 0.278333 0.155000 0.056667
0 0.381250 0.168333 0.172500 0.070000
0 0.577500 0.198333 0.175000 0.076667
0 0.741250 0.161667 0.137500 0.090000
0 0.660000 0.098333 0.105000 0.050000
0 0.551250 0.073333 0.117500 0.040000
0 0.441250 0.098333 0.117500 0.043333
0 0.262500 0.116667 0.085000 0.033333
0 0.293750 0.066667 0.062500 0.020000
0 0.313750 0.026667 0.057500 0.020000
0 0.382500 0.043333 0.060000 0.026667
