0 0.210526 0.687500 0.147368 0.060897
0 0.392105 0.745192 0.126316 0.163462
0 0.638158 0.801282 0.213158 0.397436
0 0.211842 0.923077 0.086842 0.121795
0 0.825000 0.596154 0.113158 0.128205
0 0.914474 0.907051 0.139474 0.185897
0 0.444737 0.431090 0.105263 0.086538
0 0.589474 0.456731 0.105263 0.073718
0 0.621053 0.540064 0.110526 0.067308
0 0.575000 0.256410 0.086842 0.038462
0 0.690789 0.413462 0.086842 0.044872
0 0.623684 0.322115 0.068421 0.054487
0 0.556579 0.315705 0.039474 0.041667
0 0.143421 0.296474 0.071053 0.080128
0 0.707895 0.184295 0.089474 0.099359
0 0.456579 0.887821 0.118421 0.128205
0 0.278947 0.519231 0.178947 0.179487
