0 0.259615 0.324176 0.139423 0.069597
0 0.183894 0.463370 0.093750 0.062271
0 0.117788 0.214286 0.120192 0.098901
0 0.039663 0.476190 0.074519 0.080586
0 0.335337 0.402930 0.093750 0.073260
0 0.341346 0.483516 0.076923 0.080586
0 0.185096 0.648352 0.052885 0.087912
0 0.521635 0.195971 0.100962 0.113553
0 0.677885 0.250916 0.144231 0.186813
0 0.676683 0.390110 0.305288 0.318681
0 0.473558 0.554945 0.192308 0.128205
0 0.631010 0.785714 0.310096 0.428571
0 0.881010 0.829670 0.103365 0.113553
0 0.799279 0.961538 0.084135 0.076923
0 0.897837 0.283883 0.093750 0.069597
0 0.923077 0.428571 0.153846 0.175824
0 0.295673 0.056777 0.096154 0.069597
0 0.407452 0.269231 0.165865 0.150183
0 0.403846 0.106227 0.081731 0.080586
0 0.385817 0.177656 0.050481 0.047619
0 0.598558 0.091575 0.086538 0.073260
0 0.495192 0.058608 0.115385 0.058608
0 0.754808 0.075092 0.062500 0.062271
0 0.834135 0.087912 0.062500 0.065934
0 0.716346 0.025641 0.139423 0.043956
0 0.906250 0.161172 0.067308 0.065934
0 0.984375 0.175824 0.031250 0.065934
0 0.960337 0.377289 0.079327 0.271062
