0 0.556490 0.244565 0.132212 0.068841
0 0.504808 0.612319 0.125000 0.130435
0 0.522837 0.851449 0.281250 0.282609
0 0.725962 0.572464 0.139423 0.123188
0 0.563702 0.498188 0.127404 0.097826
0 0.557692 0.398551 0.105769 0.065217
0 0.644231 0.351449 0.134615 0.050725
0 0.596154 0.317029 0.105769 0.032609
0 0.772837 0.403986 0.161058 0.076087
0 0.909856 0.619565 0.156250 0.152174
0 0.420673 0.393116 0.081731 0.119565
0 0.389423 0.500000 0.076923 0.123188
0 0.838942 0.480072 0.086538 0.068841
0 0.338942 0.632246 0.105769 0.141304
0 0.329327 0.923913 0.086538 0.115942
0 0.316106 0.777174 0.098558 0.112319
0 0.943510 0.505435 0.112981 0.155797
