0 0.575721 0.814103 0.098558 0.089744
0 0.759615 0.801282 0.168269 0.098291
0 0.891827 0.940171 0.187500 0.119658
0 0.716346 0.957265 0.076923 0.059829
0 0.096154 0.955128 0.105769 0.089744
0 0.098558 0.833333 0.096154 0.059829
0 0.218750 0.880342 0.072115 0.076923
0 0.197115 0.803419 0.076923 0.051282
0 0.409856 0.726496 0.050481 0.042735
0 0.486779 0.854701 0.084135 0.076923
0 0.424279 0.884615 0.069712 0.076923
0 0.574519 0.720085 0.091346 0.064103
0 0.665865 0.568376 0.360577 0.273504
0 0.294471 0.636752 0.189904 0.128205
0 0.408654 0.532051 0.081731 0.081197
0 0.493990 0.976496 0.098558 0.047009
