0 0.699519 0.357143 0.163462 0.281385
0 0.179087 0.469697 0.233173 0.160173
0 0.223558 0.380952 0.096154 0.060606
0 0.418269 0.673160 0.149038 0.168831
0 0.497596 0.902597 0.173077 0.194805
0 0.930288 0.863636 0.139423 0.238095
0 0.185096 0.699134 0.134615 0.194805
0 0.039663 0.891775 0.074519 0.199134
0 0.265625 0.922078 0.228365 0.155844
0 0.718750 0.932900 0.139423 0.134199
0 0.903846 0.348485 0.192308 0.238095
0 0.823317 0.138528 0.146635 0.138528
0 0.698317 0.127706 0.069712 0.108225
0 0.685096 0.030303 0.052885 0.051948
0 0.562500 0.090909 0.187500 0.173160
0 0.039663 0.209957 0.074519 0.073593
0 0.193510 0.056277 0.074519 0.069264
0 0.274038 0.123377 0.115385 0.082251
0 0.338942 0.058442 0.091346 0.047619
0 0.210337 0.238095 0.088942 0.051948
0 0.943510 0.080087 0.093750 0.116883
0 0.562500 0.621212 0.062500 0.090909
0 0.798077 0.623377 0.403846 0.190476
