0 0.058894 0.517766 0.093750 0.192893
0 0.054087 0.281726 0.050481 0.096447
0 0.116587 0.261421 0.040865 0.106599
0 0.137019 0.500000 0.096154 0.167513
0 0.254808 0.517766 0.105769 0.172589
0 0.334135 0.375635 0.096154 0.213198
0 0.453125 0.565990 0.141827 0.137056
0 0.352163 0.604061 0.088942 0.152284
0 0.525240 0.873096 0.093750 0.192893
0 0.783654 0.885787 0.067308 0.086294
0 0.745192 0.576142 0.100962 0.106599
0 0.837740 0.459391 0.103365 0.177665
0 0.912260 0.614213 0.055288 0.152284
0 0.665865 0.850254 0.076923 0.197970
0 0.611779 0.934010 0.069712 0.131980
0 0.912260 0.901015 0.074519 0.116751
0 0.377404 0.951777 0.067308 0.096447
