0 0.252404 0.727273 0.288462 0.134796
0 0.562500 0.659875 0.192308 0.072100
0 0.865385 0.757053 0.269231 0.103448
0 0.775240 0.655172 0.189904 0.056426
0 0.110577 0.916144 0.206731 0.167712
0 0.088942 0.648119 0.173077 0.073668
0 0.281250 0.593260 0.173077 0.067398
0 0.497596 0.545455 0.120192 0.028213
0 0.584135 0.601097 0.125000 0.032915
0 0.705529 0.605799 0.137019 0.042320
0 0.841346 0.593260 0.225962 0.061129
0 0.730769 0.534483 0.139423 0.050157
0 0.639423 0.508621 0.072115 0.020376
0 0.450721 0.504702 0.218750 0.056426
0 0.770433 0.485893 0.156250 0.025078
0 0.080529 0.578370 0.156250 0.034483
0 0.102163 0.543887 0.137019 0.021944
0 0.236779 0.522727 0.084135 0.029781
0 0.316106 0.505486 0.079327 0.039185
0 0.957933 0.873041 0.084135 0.072100
