0 0.658654 0.762821 0.173077 0.192308
0 0.207933 0.423077 0.233173 0.273504
0 0.373798 0.732906 0.122596 0.149573
0 0.508413 0.938034 0.093750 0.123932
0 0.754808 0.929487 0.158654 0.141026
0 0.701923 0.461538 0.221154 0.222222
0 0.400240 0.608974 0.127404 0.123932
0 0.531250 0.373932 0.100962 0.115385
0 0.463942 0.474359 0.139423 0.153846
0 0.807692 0.181624 0.144231 0.149573
0 0.288462 0.117521 0.293269 0.226496
0 0.176683 0.230769 0.088942 0.102564
0 0.251202 0.583333 0.093750 0.115385
0 0.292067 0.666667 0.069712 0.068376
0 0.734375 0.068376 0.055288 0.068376
0 0.802885 0.079060 0.048077 0.081197
0 0.765625 0.023504 0.050481 0.038462
