0 0.340144 0.517685 0.141827 0.122186
0 0.518029 0.874598 0.257212 0.192926
0 0.754808 0.741158 0.192308 0.157556
0 0.966346 0.718650 0.067308 0.099678
0 0.826923 0.528939 0.235577 0.112540
0 0.516827 0.551447 0.081731 0.067524
0 0.528846 0.475884 0.153846 0.083601
0 0.819712 0.427653 0.120192 0.077170
0 0.693510 0.316720 0.137019 0.106109
0 0.460337 0.369775 0.079327 0.045016
0 0.412260 0.323151 0.079327 0.035370
0 0.424279 0.292605 0.098558 0.045016
0 0.329327 0.262058 0.076923 0.041801
0 0.294471 0.212219 0.088942 0.038585
0 0.259615 0.155949 0.072115 0.035370
0 0.433894 0.180064 0.237981 0.070740
0 0.389423 0.106109 0.072115 0.032154
0 0.552885 0.223473 0.091346 0.061093
