0 0.280706521739 0.620652173913 0.0961956521739 0.0311594202899
0 0.546195652174 0.581884057971 0.0586956521739 0.0536231884058
0 0.576358695652 0.553623188406 0.0396739130435 0.0159420289855
0 0.598641304348 0.585144927536 0.0222826086957 0.013768115942
0 0.608423913043 0.608695652174 0.0527173913043 0.0231884057971
0 0.620380434783 0.569202898551 0.0298913043478 0.013768115942
0 0.661141304348 0.585869565217 0.0190217391304 0.00797101449275
0 0.533967391304 0.509782608696 0.0233695652174 0.00942028985507
0 0.539673913043 0.526811594203 0.0217391304348 0.00869565217391
0 0.513043478261 0.486956521739 0.0239130434783 0.00724637681159
0 0.413043478261 0.509420289855 0.0434782608696 0.0115942028986
0 0.435054347826 0.488043478261 0.016847826087 0.00507246376812
0 0.466304347826 0.461231884058 0.00760869565217 0.0036231884058
