0 0.626202 0.811688 0.117788 0.264069
0 0.736779 0.606061 0.093750 0.164502
0 0.485577 0.733766 0.100962 0.151515
0 0.349760 0.768398 0.117788 0.151515
0 0.786058 0.867965 0.067308 0.090909
0 0.834135 0.461039 0.115385 0.229437
0 0.735577 0.376623 0.048077 0.103896
0 0.453125 0.493506 0.141827 0.268398
0 0.326923 0.922078 0.100962 0.155844
0 0.463942 0.917749 0.158654 0.138528
0 0.210337 0.900433 0.093750 0.103896
0 0.810096 0.688312 0.052885 0.077922
0 0.807692 0.231602 0.192308 0.212121
0 0.687500 0.272727 0.038462 0.051948
