0 0.469952 0.924837 0.218750 0.150327
0 0.271635 0.833333 0.115385 0.124183
0 0.743990 0.764706 0.084135 0.078431
0 0.615385 0.830065 0.192308 0.117647
0 0.542067 0.696078 0.122596 0.098039
0 0.384615 0.598039 0.105769 0.098039
0 0.359375 0.516340 0.088942 0.078431
0 0.254808 0.683007 0.100962 0.124183
0 0.104567 0.790850 0.031250 0.065359
0 0.675481 0.611111 0.105769 0.058824
0 0.731971 0.663399 0.108173 0.071895
0 0.847356 0.669935 0.045673 0.084967
0 0.585337 0.529412 0.064904 0.052288
0 0.653846 0.519608 0.048077 0.071895
0 0.491587 0.493464 0.079327 0.045752
0 0.432692 0.473856 0.038462 0.084967
0 0.661058 0.428105 0.072115 0.071895
0 0.409856 0.777778 0.175481 0.104575
0 0.350962 0.718954 0.072115 0.065359
0 0.260817 0.503268 0.074519 0.091503
