0 0.269231 0.529197 0.134615 0.153285
0 0.381010 0.465328 0.127404 0.135036
0 0.270433 0.709854 0.189904 0.164234
0 0.396635 0.768248 0.139423 0.178832
0 0.537260 0.804745 0.098558 0.178832
0 0.566106 0.620438 0.137019 0.197080
0 0.715144 0.901460 0.137019 0.197080
0 0.182692 0.200730 0.120192 0.102190
0 0.579327 0.240876 0.163462 0.233577
0 0.718750 0.354015 0.129808 0.094891
0 0.622596 0.468978 0.120192 0.113139
0 0.050481 0.589416 0.091346 0.156934
0 0.064904 0.288321 0.048077 0.087591
0 0.173077 0.343066 0.110577 0.102190
