0 0.348558 0.853365 0.495192 0.293269
0 0.663462 0.612981 0.298077 0.259615
0 0.871394 0.438702 0.151442 0.112981
0 0.927885 0.757212 0.144231 0.129808
0 0.822115 0.949519 0.269231 0.100962
0 0.147837 0.598558 0.204327 0.129808
0 0.341346 0.466346 0.418269 0.187500
0 0.694712 0.382212 0.163462 0.086538
0 0.569712 0.342548 0.168269 0.064904
0 0.688702 0.281250 0.112981 0.057692
0 0.477163 0.277644 0.199519 0.079327
0 0.165865 0.350962 0.149038 0.052885
0 0.258413 0.292067 0.093750 0.050481
0 0.201923 0.233173 0.250000 0.096154
0 0.413462 0.221154 0.110577 0.043269
0 0.308894 0.151442 0.319712 0.043269
0 0.634615 0.181490 0.197115 0.069712
0 0.697115 0.121394 0.120192 0.060096
0 0.581731 0.111779 0.144231 0.050481
0 0.040865 0.435096 0.076923 0.067308
0 0.121394 0.084135 0.151442 0.100962
0 0.328125 0.045673 0.247596 0.086538
