0 0.096154 0.469957 0.096154 0.141631
0 0.205529 0.525751 0.098558 0.184549
0 0.082933 0.796137 0.112981 0.107296
0 0.132212 0.654506 0.100962 0.133047
0 0.050481 0.615880 0.038462 0.090129
0 0.359375 0.444206 0.112981 0.158798
0 0.320913 0.592275 0.055288 0.085837
0 0.330529 0.682403 0.074519 0.120172
0 0.307692 0.819742 0.052885 0.085837
0 0.484375 0.390558 0.103365 0.163090
0 0.432692 0.626609 0.043269 0.085837
0 0.497596 0.553648 0.081731 0.137339
0 0.435096 0.817597 0.259615 0.167382
0 0.555288 0.716738 0.173077 0.171674
0 0.768029 0.727468 0.156250 0.253219
0 0.674279 0.420601 0.156250 0.214592
0 0.705529 0.345494 0.127404 0.227468
0 0.867788 0.373391 0.120192 0.197425
0 0.872596 0.199571 0.076923 0.115880
0 0.966346 0.416309 0.067308 0.188841
0 0.905048 0.658798 0.117788 0.218884
0 0.866587 0.510730 0.084135 0.077253
