0 0.662260 0.834311 0.305288 0.231672
0 0.086538 0.768328 0.144231 0.111437
0 0.301683 0.593842 0.074519 0.038123
0 0.661058 0.507331 0.254808 0.152493
0 0.447115 0.417889 0.129808 0.049853
0 0.331731 0.375367 0.072115 0.029326
0 0.389423 0.331378 0.096154 0.029326
0 0.453125 0.369501 0.108173 0.035191
0 0.769231 0.397361 0.211538 0.067449
0 0.533654 0.318182 0.096154 0.032258
0 0.447115 0.268328 0.091346 0.043988
0 0.628606 0.363636 0.161058 0.064516
0 0.782452 0.316716 0.151442 0.041056
0 0.641827 0.312317 0.081731 0.032258
0 0.698317 0.282991 0.122596 0.032258
0 0.796875 0.217009 0.055288 0.046921
0 0.712740 0.218475 0.093750 0.026393
0 0.508413 0.221408 0.088942 0.055718
0 0.640625 0.233138 0.132212 0.090909
0 0.641827 0.159824 0.048077 0.038123
0 0.724760 0.171554 0.084135 0.026393
