0 0.450721 0.892628 0.319712 0.214744
0 0.656250 0.592949 0.168269 0.166667
0 0.561298 0.485577 0.084135 0.067308
0 0.796875 0.522436 0.074519 0.064103
0 0.164663 0.650641 0.175481 0.160256
0 0.042067 0.782051 0.074519 0.121795
0 0.213942 0.424679 0.288462 0.086538
0 0.668269 0.423077 0.245192 0.076923
0 0.753606 0.365385 0.199519 0.096154
0 0.746394 0.187500 0.108173 0.048077
0 0.477163 0.264423 0.213942 0.073718
0 0.359375 0.352564 0.141827 0.057692
0 0.472356 0.336538 0.079327 0.051282
0 0.837740 0.266026 0.088942 0.102564
0 0.903846 0.139423 0.048077 0.022436
0 0.816106 0.145833 0.079327 0.035256
0 0.742788 0.131410 0.072115 0.057692
0 0.979567 0.096154 0.040865 0.070513
0 0.877404 0.107372 0.076923 0.028846
0 0.221154 0.309295 0.139423 0.125000
0 0.337740 0.259615 0.074519 0.076923
