0 0.460337 0.867788 0.627404 0.264423
0 0.524038 0.614183 0.293269 0.189904
0 0.106971 0.580529 0.209135 0.137019
0 0.361779 0.536058 0.132212 0.062500
0 0.147837 0.415865 0.290865 0.153846
0 0.634615 0.395433 0.278846 0.161058
0 0.782452 0.293269 0.156250 0.062500
0 0.340144 0.301683 0.194712 0.079327
0 0.157452 0.253606 0.180288 0.064904
0 0.203125 0.320913 0.112981 0.050481
0 0.358173 0.179087 0.158654 0.055288
0 0.699519 0.186298 0.187500 0.069712
0 0.943510 0.197115 0.112981 0.033654
0 0.320913 0.125000 0.151442 0.062500
0 0.956731 0.240385 0.086538 0.048077
0 0.582933 0.127404 0.103365 0.067308
0 0.909856 0.091346 0.180288 0.067308
0 0.923077 0.156250 0.129808 0.062500
0 0.930288 0.038462 0.139423 0.038462
0 0.733173 0.080529 0.120192 0.060096
0 0.364183 0.050481 0.137019 0.043269
