0 0.340144 0.629630 0.213942 0.169312
0 0.554087 0.923280 0.242788 0.153439
0 0.623798 0.613757 0.180288 0.222222
0 0.747596 0.515873 0.100962 0.079365
0 0.590144 0.444444 0.156250 0.116402
0 0.487981 0.489418 0.125000 0.132275
0 0.294471 0.425926 0.050481 0.089947
0 0.377404 0.373016 0.086538 0.100529
0 0.477163 0.351852 0.084135 0.100529
0 0.581731 0.343915 0.072115 0.084656
0 0.691106 0.349206 0.036058 0.042328
0 0.627404 0.238095 0.139423 0.063492
0 0.518029 0.203704 0.088942 0.047619
0 0.717548 0.301587 0.060096 0.042328
0 0.585337 0.174603 0.084135 0.052910
