0 0.530048 0.521277 0.165865 0.148936
0 0.676683 0.495745 0.112981 0.140426
0 0.367788 0.638298 0.149038 0.136170
0 0.332933 0.455319 0.170673 0.212766
0 0.225962 0.195745 0.153846 0.170213
0 0.364183 0.051064 0.165865 0.068085
0 0.846154 0.344681 0.298077 0.238298
0 0.341346 0.848936 0.120192 0.165957
0 0.088942 0.180851 0.091346 0.106383
0 0.802885 0.582979 0.100962 0.119149
0 0.713942 0.625532 0.125000 0.144681
0 0.570913 0.246809 0.132212 0.110638
0 0.745192 0.051064 0.158654 0.093617
0 0.929087 0.085106 0.137019 0.119149
0 0.108173 0.429787 0.211538 0.306383
