0 0.451923 0.678322 0.375000 0.356643
0 0.819712 0.706294 0.360577 0.482517
0 0.109375 0.867133 0.213942 0.265734
0 0.086538 0.550699 0.168269 0.185315
0 0.465144 0.403846 0.093750 0.073427
0 0.564904 0.396853 0.086538 0.059441
0 0.759615 0.347902 0.177885 0.108392
0 0.658654 0.243007 0.235577 0.101399
0 0.497596 0.330420 0.086538 0.045455
0 0.376202 0.325175 0.079327 0.055944
0 0.258413 0.340909 0.079327 0.066434
0 0.151442 0.386364 0.076923 0.087413
0 0.492788 0.272727 0.081731 0.041958
0 0.522837 0.185315 0.132212 0.076923
