0 0.346667 0.462500 0.086667 0.040000
0 0.336667 0.421250 0.060000 0.027500
0 0.323333 0.623750 0.066667 0.032500
0 0.286667 0.723750 0.093333 0.042500
0 0.440000 0.801250 0.213333 0.137500
0 0.870000 0.662500 0.053333 0.050000
0 0.648333 0.693750 0.056667 0.052500
0 0.531667 0.421250 0.050000 0.022500
0 0.770000 0.386250 0.146667 0.037500
0 0.915000 0.437500 0.043333 0.025000
0 0.865000 0.463750 0.043333 0.022500
0 0.961667 0.542500 0.076667 0.025000
0 0.946667 0.513750 0.060000 0.017500
0 0.678333 0.578750 0.063333 0.027500
0 0.733333 0.622500 0.040000 0.025000
0 0.615000 0.941250 0.116667 0.117500
