0 0.766827 0.742308 0.288462 0.307692
0 0.864183 0.925000 0.175481 0.150000
0 0.556490 0.850000 0.228365 0.300000
0 0.213942 0.634615 0.110577 0.123077
0 0.582933 0.438462 0.132212 0.100000
0 0.516827 0.338462 0.177885 0.069231
0 0.103365 0.455769 0.110577 0.088462
0 0.174279 0.521154 0.175481 0.119231
0 0.442308 0.405769 0.110577 0.057692
0 0.269231 0.361538 0.091346 0.053846
0 0.170673 0.376923 0.144231 0.053846
0 0.039663 0.628846 0.069712 0.080769
0 0.096154 0.894231 0.177885 0.211538
0 0.155048 0.796154 0.161058 0.100000
