0 0.688702 0.911058 0.137019 0.120192
0 0.881010 0.740385 0.103365 0.125000
0 0.965144 0.838942 0.069712 0.081731
0 0.804087 0.632212 0.122596 0.072115
0 0.657452 0.697115 0.117788 0.076923
0 0.591346 0.786058 0.139423 0.091346
0 0.765625 0.790865 0.074519 0.033654
0 0.578125 0.848558 0.064904 0.052885
0 0.382212 0.810096 0.096154 0.072115
0 0.522837 0.685096 0.084135 0.072115
0 0.252404 0.867788 0.134615 0.100962
0 0.054087 0.944712 0.103365 0.091346
0 0.080529 0.793269 0.156250 0.182692
0 0.258413 0.764423 0.117788 0.086538
0 0.218750 0.694712 0.096154 0.043269
0 0.300481 0.663462 0.067308 0.048077
0 0.474760 0.612981 0.074519 0.062500
0 0.564904 0.600962 0.096154 0.048077
0 0.657452 0.600962 0.069712 0.057692
0 0.417067 0.550481 0.088942 0.052885
0 0.274038 0.627404 0.076923 0.043269
0 0.195913 0.644231 0.064904 0.057692
0 0.237981 0.596154 0.052885 0.028846
0 0.390625 0.617788 0.069712 0.062500
0 0.637019 0.543269 0.062500 0.067308
0 0.509615 0.526442 0.072115 0.052885
0 0.290865 0.531250 0.081731 0.072115
0 0.580529 0.413462 0.093750 0.134615
