0 0.486250 0.672330 0.212500 0.169903
0 0.522500 0.871359 0.180000 0.179612
0 0.350000 0.548544 0.120000 0.116505
0 0.585000 0.516990 0.110000 0.092233
0 0.590000 0.388350 0.120000 0.097087
0 0.717500 0.395631 0.095000 0.082524
0 0.750000 0.247573 0.080000 0.077670
0 0.511250 0.189320 0.152500 0.087379
0 0.375000 0.434466 0.110000 0.101942
0 0.225000 0.378641 0.130000 0.097087
0 0.128750 0.291262 0.112500 0.106796
0 0.350000 0.342233 0.070000 0.072816
0 0.358750 0.296117 0.092500 0.077670
0 0.221250 0.274272 0.087500 0.092233
0 0.260000 0.228155 0.070000 0.067961
0 0.842500 0.276699 0.045000 0.077670
0 0.900000 0.145631 0.195000 0.203883
