0 0.357411 0.528333 0.069418 0.043333
0 0.123827 0.821667 0.153846 0.176667
0 0.204503 0.891667 0.082552 0.103333
0 0.331144 0.731667 0.091932 0.090000
0 0.429644 0.748333 0.093809 0.083333
0 0.567542 0.768333 0.076923 0.063333
0 0.487805 0.880000 0.090056 0.100000
0 0.347092 0.898333 0.097561 0.110000
0 0.403377 0.975000 0.127580 0.050000
0 0.636023 0.951667 0.127580 0.083333
0 0.460600 0.573333 0.043152 0.040000
0 0.423077 0.546667 0.035647 0.020000
0 0.529081 0.523333 0.153846 0.133333
0 0.773921 0.710000 0.324578 0.233333
0 0.935272 0.910000 0.129456 0.180000
