0 0.542119565217 0.631884057971 0.0320652173913 0.0101449275362
0 0.570652173913 0.607608695652 0.0489130434783 0.0123188405797
0 0.55652173913 0.543115942029 0.020652173913 0.00507246376812
0 0.547282608696 0.534782608696 0.0152173913043 0.00434782608696
0 0.395923913043 0.582608695652 0.0255434782609 0.00869565217391
0 0.430434782609 0.555434782609 0.0260869565217 0.00942028985507
0 0.411141304348 0.549637681159 0.0190217391304 0.00797101449275
0 0.430706521739 0.538043478261 0.016847826087 0.00652173913043
0 0.445380434783 0.533333333333 0.016847826087 0.00579710144928
0 0.41875 0.519565217391 0.0135869565217 0.00579710144928
