0 0.292067 0.743590 0.141827 0.102564
0 0.371394 0.634615 0.204327 0.106838
0 0.568510 0.839744 0.137019 0.123932
0 0.764423 0.824786 0.158654 0.111111
0 0.390625 0.835470 0.108173 0.072650
0 0.239183 0.440171 0.103365 0.076923
0 0.560096 0.440171 0.072115 0.085470
0 0.603365 0.668803 0.139423 0.149573
0 0.820913 0.207265 0.161058 0.106838
0 0.957933 0.151709 0.084135 0.072650
0 0.739183 0.130342 0.079327 0.047009
0 0.850962 0.117521 0.149038 0.081197
0 0.676683 0.057692 0.165865 0.072650
0 0.913462 0.055556 0.125000 0.068376
0 0.808894 0.555556 0.112981 0.153846
0 0.483173 0.292735 0.081731 0.115385
0 0.187500 0.126068 0.091346 0.072650
