0 0.423750 0.720000 0.222500 0.106667
0 0.657500 0.850000 0.130000 0.120000
0 0.577500 0.641667 0.115000 0.063333
0 0.546250 0.571667 0.092500 0.050000
0 0.432500 0.611667 0.095000 0.050000
0 0.420000 0.510000 0.085000 0.033333
0 0.618750 0.483333 0.162500 0.040000
0 0.726250 0.520000 0.097500 0.040000
0 0.528750 0.436667 0.087500 0.026667
0 0.080000 0.660000 0.155000 0.086667
0 0.132500 0.585000 0.100000 0.043333
0 0.181250 0.541667 0.112500 0.050000
0 0.246250 0.471667 0.067500 0.023333
0 0.312500 0.438333 0.070000 0.023333
0 0.268750 0.398333 0.107500 0.030000
0 0.398750 0.353333 0.102500 0.026667
0 0.357500 0.376667 0.065000 0.020000
0 0.513750 0.390000 0.057500 0.020000
