0 0.795302 0.483333 0.060403 0.053333
0 0.621924 0.356667 0.250559 0.073333
0 0.125280 0.631667 0.237136 0.290000
0 0.052573 0.895000 0.100671 0.210000
0 0.561521 0.846667 0.371365 0.266667
0 0.759508 0.693333 0.078300 0.073333
0 0.525727 0.540000 0.129754 0.080000
0 0.388143 0.626667 0.060403 0.040000
0 0.338926 0.418333 0.060403 0.043333
0 0.704698 0.450000 0.111857 0.066667
0 0.721477 0.526667 0.046980 0.033333
0 0.837808 0.615000 0.055928 0.056667
0 0.799776 0.780000 0.060403 0.060000
0 0.384787 0.321667 0.170022 0.043333
