0 0.346484 0.546667 0.106346 0.093333
0 0.367925 0.446667 0.077187 0.066667
0 0.478559 0.493333 0.068611 0.053333
0 0.584048 0.516667 0.070326 0.053333
0 0.590051 0.385000 0.068611 0.063333
0 0.717839 0.393333 0.063465 0.073333
0 0.482847 0.675000 0.156089 0.143333
0 0.518010 0.846667 0.106346 0.140000
0 0.903087 0.128333 0.162950 0.096667
0 0.509434 0.198333 0.109777 0.056667
0 0.349914 0.288333 0.068611 0.043333
0 0.271012 0.216667 0.065180 0.053333
0 0.215266 0.270000 0.056604 0.053333
0 0.134648 0.305000 0.097770 0.063333
0 0.234991 0.386667 0.096055 0.080000
0 0.346484 0.335000 0.054889 0.043333
0 0.751286 0.248333 0.058319 0.043333
